1 0.595514 0.731103 0.054993 0.099133
1 0.577424 0.561958 0.037627 0.100372
1 0.438495 0.100991 0.053546 0.100372
1 0.971418 0.937423 0.038350 0.087980
1 0.638929 0.113383 0.053546 0.097893
1 0.196454 0.118340 0.065847 0.100372
0 0.748915 0.552664 0.078148 0.012392
2 0.266281 0.654275 0.010130 0.099133
0 0.610709 0.786865 0.082489 0.027261
1 0.467077 0.578067 0.048480 0.090458
0 0.666425 0.675341 0.081042 0.012392
1 0.929812 0.944857 0.050651 0.080545
0 0.371563 0.625774 0.298842 0.017348
2 0.739870 0.280050 0.009407 0.413879
0 0.965991 0.306072 0.060781 0.022305
0 0.617583 0.617100 0.133864 0.012392
0 0.727569 0.582404 0.084660 0.014870
1 0.709479 0.070632 0.044139 0.076828
0 0.698987 0.625155 0.081042 0.016109
0 0.397974 0.161090 0.617945 0.042131
0 0.629522 0.618959 0.120116 0.013631
0 0.731548 0.101611 0.125904 0.017348
2 0.300651 0.340768 0.010854 0.384139
0 0.730101 0.106568 0.112880 0.017348
