1 0.458755 0.553903 0.052098 0.096654
1 0.407742 0.550186 0.055716 0.104089
1 0.091172 0.591698 0.054993 0.095415
1 0.312590 0.567534 0.049204 0.091698
1 0.672214 0.516729 0.053546 0.094176
1 0.353473 0.561338 0.038350 0.089219
0 0.962012 0.758984 0.067294 0.018587
2 0.726122 0.711276 0.010854 0.349442
2 0.286179 0.767038 0.010854 0.334572
0 0.378437 0.605328 0.654124 0.018587
0 0.713821 0.558860 0.126628 0.019827
0 0.386035 0.610285 0.634588 0.026022
2 0.285818 0.797398 0.010130 0.405204
0 0.361795 0.614622 0.589001 0.042131
0 0.936324 0.281289 0.118669 0.017348
