1 0.725398 0.620818 0.036903 0.094176
1 0.299204 0.255886 0.055716 0.090458
1 0.420767 0.628872 0.048480 0.085502
0 0.595514 0.463445 0.079595 0.024783
0 0.651592 0.351301 0.084660 0.011152
2 0.538350 0.513011 0.010130 0.158612
0 0.712012 0.260843 0.082489 0.008674
0 0.733357 0.231722 0.074530 0.009913
2 0.284370 0.125774 0.005789 0.179678
0 0.352026 0.302974 0.277135 0.013631
0 0.685239 0.306072 0.076700 0.009913
2 0.723227 0.093556 0.009407 0.112763
2 0.251085 0.331475 0.010130 0.100372
1 0.298842 0.610285 0.026049 0.050805
0 0.047395 0.644981 0.084660 0.011152
2 0.725760 0.093556 0.010130 0.112763
0 0.620839 0.293061 0.109986 0.011152
0 0.651230 0.353779 0.081042 0.013631
2 0.248553 0.332094 0.010854 0.096654
