1 0.412808 0.247831 0.054269 0.099133
1 0.326339 0.627014 0.047757 0.094176
1 0.094790 0.606568 0.047757 0.063197
0 0.621925 0.463445 0.080318 0.024783
0 0.676556 0.351301 0.085384 0.011152
0 0.736975 0.260843 0.081766 0.008674
0 0.759407 0.232342 0.073082 0.008674
2 0.563314 0.512392 0.009407 0.157373
0 0.373372 0.301115 0.274964 0.014870
1 0.017728 0.604089 0.031114 0.070632
2 0.310420 0.120818 0.007236 0.167286
0 0.710203 0.306072 0.075977 0.009913
2 0.275687 0.329616 0.010130 0.104089
2 0.747829 0.093556 0.009407 0.112763
0 0.067656 0.643123 0.099132 0.009913
2 0.750724 0.094176 0.010854 0.111524
2 0.276773 0.570012 0.007959 0.099133
0 0.644718 0.293061 0.109986 0.011152
