2 0.146527 0.126394 0.006512 0.178439
2 0.585745 0.095415 0.006512 0.116481
2 0.400868 0.514870 0.008683 0.159851
2 0.113242 0.332714 0.007959 0.100372
2 0.112518 0.570012 0.005065 0.101611
1 0.225760 0.251549 0.043415 0.091698
1 0.258683 0.254647 0.019537 0.087980
1 0.342981 0.251549 0.043415 0.091698
1 0.394718 0.208798 0.054269 0.035936
1 0.484805 0.415737 0.053546 0.090458
1 0.837192 0.608426 0.054993 0.089219
1 0.121925 0.627014 0.055716 0.096654
0 0.512301 0.674102 0.962373 0.012392
0 0.596599 0.232342 0.075977 0.008674
0 0.576700 0.263321 0.083936 0.008674
0 0.553546 0.306072 0.069465 0.009913
0 0.518090 0.351301 0.075253 0.008674
0 0.213459 0.302974 0.276411 0.013631
0 0.460203 0.465923 0.076700 0.027261
0 0.488784 0.294300 0.094790 0.011152
2 0.938133 0.113383 0.003618 0.149938
2 0.938133 0.410781 0.003618 0.174721
2 0.938857 0.524783 0.010854 0.040892
