1 0.416064 0.403346 0.053546 0.097893
1 0.425470 0.241636 0.043415 0.096654
1 0.380608 0.247212 0.050651 0.095415
1 0.481187 0.247831 0.053546 0.096654
0 0.469609 0.464064 0.075253 0.028501
0 0.523517 0.351301 0.083213 0.011152
2 0.410275 0.519827 0.008683 0.152416
2 0.595876 0.094796 0.006512 0.115242
2 0.122648 0.333333 0.007959 0.094176
2 0.155933 0.125155 0.006512 0.180917
0 0.224674 0.301115 0.275687 0.014870
0 0.606368 0.232962 0.073806 0.009913
0 0.586831 0.261462 0.083936 0.009913
2 0.947178 0.411400 0.007236 0.180917
2 0.948987 0.526642 0.010854 0.052045
2 0.946454 0.109665 0.005789 0.152416
0 0.557887 0.305452 0.085384 0.008674
0 0.482634 0.296778 0.117221 0.013631
0 0.499276 0.677200 0.988423 0.016109
