1 0.184877 0.125155 0.055716 0.094176
1 0.266281 0.112763 0.053546 0.094176
1 0.652677 0.534696 0.056440 0.102850
1 0.452243 0.090458 0.057887 0.106568
0 0.702243 0.772615 0.083213 0.028501
1 0.358538 0.552664 0.049928 0.104089
0 0.845152 0.539033 0.076700 0.014870
1 0.472142 0.547708 0.055716 0.096654
1 0.675109 0.710657 0.053546 0.100372
0 0.480825 0.150558 0.627352 0.043371
0 0.459479 0.610285 0.270622 0.013631
0 0.762663 0.659232 0.081042 0.009913
2 0.835022 0.265799 0.010130 0.400248
0 0.822359 0.570632 0.086107 0.011152
0 0.795586 0.614622 0.081766 0.009913
2 0.360709 0.654275 0.009407 0.076828
0 0.707670 0.600372 0.151954 0.013631
0 0.802098 0.093556 0.080318 0.016109
0 0.710564 0.602850 0.141823 0.013631
2 0.393994 0.356258 0.007959 0.447336
2 0.362156 0.862454 0.006512 0.071871
1 0.925109 0.938662 0.025326 0.080545
