0 0.592981 0.465304 0.083213 0.026022
2 0.722142 0.092317 0.007236 0.110285
0 0.650145 0.351301 0.084660 0.011152
0 0.711288 0.260843 0.081042 0.008674
2 0.536903 0.513011 0.008683 0.158612
0 0.732272 0.231722 0.075253 0.009913
0 0.348408 0.302354 0.275687 0.012392
0 0.684877 0.306072 0.073082 0.009913
0 0.046671 0.644981 0.081766 0.011152
2 0.283285 0.128253 0.006512 0.182156
2 0.251447 0.568773 0.009407 0.099133
2 0.247829 0.324659 0.009407 0.091698
0 0.619030 0.293680 0.107815 0.009913
0 0.712735 0.260223 0.082489 0.012392
0 0.649783 0.353779 0.082489 0.013631
