1 0.457308 0.232342 0.053546 0.100372
1 0.404486 0.237918 0.053546 0.101611
1 0.786541 0.189591 0.053546 0.094176
1 0.514472 0.705700 0.054993 0.092937
1 0.189219 0.265180 0.055716 0.096654
1 0.646527 0.235440 0.039797 0.096654
1 0.705861 0.242875 0.036903 0.089219
0 0.844428 0.680917 0.076700 0.013631
0 0.459841 0.754027 0.277135 0.016109
2 0.834298 0.407683 0.010130 0.401487
2 0.395803 0.322181 0.008683 0.091698
2 0.360347 0.782528 0.010130 0.097893
0 0.730825 0.744114 0.102750 0.011152
0 0.825977 0.229864 0.126628 0.018587
0 0.487337 0.286865 0.608538 0.040892
0 0.762301 0.799876 0.077424 0.011152
0 0.823082 0.710037 0.084660 0.014870
2 0.393271 0.581784 0.007959 0.154895
0 0.761216 0.802354 0.082489 0.016109
2 0.756512 0.136927 0.006512 0.127633
0 0.824891 0.233581 0.128799 0.018587
