0 0.706585 0.463445 0.077424 0.024783
0 0.043054 0.675341 0.075977 0.012392
2 0.648336 0.513631 0.010130 0.159851
0 0.820912 0.261462 0.081766 0.009913
2 0.361433 0.332714 0.009407 0.102850
2 0.361795 0.571871 0.007236 0.105328
0 0.844067 0.232342 0.074530 0.008674
0 0.761216 0.350682 0.082489 0.009913
0 0.796671 0.306072 0.078148 0.009913
0 0.457308 0.301115 0.272069 0.012392
2 0.833575 0.092317 0.005789 0.112763
2 0.395080 0.125774 0.005789 0.179678
0 0.134949 0.645601 0.126628 0.009913
0 0.760130 0.353160 0.083213 0.014870
0 0.823444 0.260223 0.083936 0.012392
1 0.691027 0.619579 0.050651 0.096654
2 0.360347 0.571871 0.008683 0.105328
