2 0.277496 0.125774 0.006512 0.177200
2 0.717438 0.096654 0.006512 0.116481
0 0.727569 0.231722 0.075977 0.012392
0 0.707670 0.262701 0.082489 0.012392
0 0.678003 0.306072 0.083936 0.009913
0 0.645803 0.351301 0.084660 0.011152
0 0.341534 0.304213 0.279305 0.013631
0 0.574168 0.293680 0.183068 0.014870
0 0.584660 0.464684 0.086831 0.029740
2 0.530753 0.512392 0.007959 0.159851
0 0.041968 0.643742 0.070912 0.011152
0 0.534370 0.674102 0.921129 0.014870
1 0.235528 0.251549 0.054269 0.094176
1 0.552460 0.232962 0.055716 0.094176
1 0.405210 0.242875 0.044863 0.091698
1 0.137120 0.622057 0.036903 0.094176
1 0.217077 0.619579 0.049204 0.106568
1 0.291606 0.623296 0.053546 0.094176
1 0.508321 0.622677 0.041245 0.095415
