1 0.382055 0.563197 0.053546 0.095415
1 0.866136 0.936803 0.053546 0.089219
1 0.647974 0.698265 0.052822 0.090458
1 0.338640 0.099133 0.041968 0.099133
1 0.073444 0.931227 0.055716 0.097893
0 0.485166 0.150558 0.611433 0.043371
0 0.706223 0.772615 0.076700 0.026022
1 0.647612 0.097274 0.034732 0.092937
1 0.489870 0.542751 0.052098 0.089219
2 0.361071 0.646221 0.010130 0.092937
2 0.834298 0.267038 0.010130 0.400248
0 0.844790 0.539033 0.077424 0.014870
0 0.460203 0.610285 0.272069 0.016109
1 0.596599 0.541512 0.044139 0.089219
0 0.717077 0.603470 0.124457 0.012392
0 0.794139 0.614622 0.081766 0.009913
0 0.761216 0.659232 0.081042 0.009913
0 0.821635 0.570012 0.084660 0.009913
0 0.803546 0.092937 0.083213 0.017348
2 0.394718 0.329616 0.007959 0.391574
1 0.186686 0.932466 0.049204 0.097893
1 0.815847 0.064436 0.042692 0.059480
0 0.719609 0.601611 0.136758 0.011152
2 0.361071 0.858736 0.007236 0.061958
