1 0.108900 0.619579 0.055716 0.099133
0 0.575977 0.463445 0.081042 0.024783
2 0.704052 0.092937 0.007236 0.114002
0 0.693198 0.260843 0.081042 0.008674
0 0.039436 0.643742 0.065847 0.011152
0 0.630246 0.352540 0.085384 0.011152
2 0.517728 0.509913 0.009407 0.157373
0 0.329595 0.301115 0.278582 0.012392
2 0.230825 0.332094 0.008683 0.101611
0 0.713821 0.232342 0.074530 0.008674
2 0.230825 0.571871 0.007236 0.100372
2 0.263386 0.127633 0.007236 0.180917
0 0.664255 0.306072 0.079595 0.009913
0 0.694284 0.260223 0.081766 0.012392
0 0.599855 0.292441 0.105644 0.009913
