1 0.217077 0.251549 0.054993 0.096654
1 0.348408 0.255266 0.055716 0.096654
1 0.415340 0.256506 0.026049 0.094176
1 0.526411 0.245973 0.054269 0.090458
1 0.534370 0.414498 0.034009 0.095415
1 0.945731 0.589839 0.060781 0.054523
1 0.595876 0.628253 0.054269 0.091698
1 0.127352 0.623296 0.049204 0.094176
1 0.177641 0.620818 0.049928 0.104089
1 0.324168 0.625155 0.053546 0.095415
2 0.246382 0.127014 0.007959 0.177200
2 0.686324 0.096035 0.006512 0.115242
0 0.304993 0.302974 0.267004 0.018587
0 0.550289 0.293680 0.155572 0.014870
0 0.695007 0.232342 0.074530 0.011152
0 0.677279 0.263941 0.083936 0.012392
0 0.647250 0.306691 0.084660 0.013631
0 0.613965 0.353160 0.084660 0.012392
0 0.544139 0.468401 0.104197 0.027261
0 0.030029 0.644362 0.048480 0.009913
0 0.518813 0.676580 0.949349 0.017348
