1 0.458394 0.251549 0.058611 0.101611
1 0.915340 0.621437 0.054993 0.095415
1 0.606729 0.623296 0.051375 0.101611
0 0.707308 0.464064 0.077424 0.026022
2 0.395803 0.129492 0.005789 0.182156
0 0.457308 0.303594 0.272069 0.017348
2 0.833936 0.093556 0.006512 0.112763
1 0.412084 0.254027 0.038350 0.096654
0 0.844790 0.232342 0.075977 0.008674
0 0.762301 0.352540 0.081766 0.011152
1 0.168234 0.608426 0.026773 0.049566
0 0.820550 0.262082 0.082489 0.011152
0 0.761939 0.353160 0.082489 0.014870
2 0.361071 0.332714 0.010130 0.102850
1 0.485528 0.628872 0.039074 0.083024
0 0.844428 0.230483 0.075253 0.009913
2 0.648336 0.501859 0.010130 0.138786
0 0.798119 0.305452 0.078148 0.008674
1 0.376990 0.620198 0.049204 0.105328
0 0.137844 0.644362 0.129522 0.012392
0 0.044863 0.677200 0.078148 0.018587
0 0.593343 0.673482 0.800289 0.016109
