1 0.027496 0.939901 0.050651 0.092937
0 0.706585 0.784387 0.075977 0.027261
0 0.844428 0.551425 0.076700 0.012392
2 0.834298 0.280050 0.010130 0.403965
0 0.460203 0.623296 0.273517 0.014870
0 0.475760 0.159851 0.620116 0.042131
2 0.360709 0.655514 0.010854 0.096654
0 0.823444 0.581165 0.085384 0.012392
0 0.722142 0.615861 0.115774 0.012392
2 0.394356 0.338910 0.008683 0.385378
0 0.797757 0.627014 0.080318 0.012392
0 0.804993 0.102850 0.089001 0.019827
0 0.761216 0.673482 0.082489 0.016109
0 0.761577 0.668525 0.080318 0.016109
0 0.794139 0.624535 0.080318 0.014870
