0 0.706223 0.463445 0.078148 0.024783
0 0.043054 0.674721 0.075977 0.013631
2 0.648336 0.514250 0.010130 0.161090
2 0.361433 0.332714 0.009407 0.102850
2 0.361795 0.570632 0.007236 0.102850
0 0.821635 0.261462 0.080318 0.009913
0 0.761939 0.351921 0.082489 0.009913
0 0.844067 0.232342 0.074530 0.008674
0 0.456946 0.301115 0.272793 0.012392
0 0.795224 0.306072 0.082489 0.009913
2 0.833575 0.092317 0.005789 0.112763
2 0.394718 0.126394 0.006512 0.178439
2 0.395803 0.127633 0.005789 0.180917
0 0.132417 0.644362 0.124457 0.009913
0 0.761577 0.353779 0.083213 0.013631
1 0.179812 0.603470 0.029667 0.066914
0 0.730101 0.293061 0.104197 0.011152
