2 0.274602 0.126394 0.006512 0.175960
2 0.714906 0.095415 0.005789 0.116481
2 0.529305 0.513631 0.007959 0.159851
2 0.242041 0.333333 0.006512 0.101611
0 0.340449 0.301735 0.277135 0.013631
0 0.617583 0.294919 0.094790 0.009913
0 0.582489 0.464684 0.085384 0.029740
0 0.725036 0.232342 0.075253 0.008674
0 0.705499 0.263321 0.082489 0.008674
0 0.675832 0.306691 0.082489 0.008674
0 0.643271 0.351301 0.082489 0.008674
0 0.042692 0.645601 0.075253 0.012392
0 0.533285 0.674721 0.920405 0.013631
1 0.293054 0.254647 0.053546 0.095415
1 0.598770 0.237299 0.054269 0.087980
1 0.564038 0.236059 0.018090 0.090458
1 0.578871 0.403346 0.053546 0.090458
