1 0.621563 0.410781 0.053546 0.095415
1 0.407742 0.250929 0.060058 0.102850
2 0.746382 0.093556 0.006512 0.112763
1 0.279667 0.255886 0.035456 0.092937
1 0.513748 0.255266 0.052098 0.091698
0 0.738784 0.261462 0.082489 0.009913
1 0.239508 0.255886 0.050651 0.092937
0 0.757598 0.232342 0.075253 0.008674
0 0.366860 0.302974 0.274964 0.016109
0 0.618307 0.466543 0.080318 0.026022
0 0.674385 0.351921 0.078148 0.009913
2 0.308249 0.117100 0.005789 0.162330
2 0.275687 0.571871 0.010130 0.105328
2 0.273155 0.571871 0.009407 0.102850
0 0.756151 0.231103 0.075253 0.008674
0 0.709479 0.306072 0.078871 0.009913
2 0.561867 0.515489 0.009407 0.161090
0 0.625181 0.294300 0.143271 0.011152
0 0.059696 0.646221 0.109262 0.011152
2 0.273155 0.337670 0.009407 0.097893
0 0.549928 0.674102 0.887120 0.014870
