0 0.580680 0.795539 0.075977 0.027261
0 0.330318 0.634449 0.258321 0.012392
2 0.709117 0.287485 0.010130 0.403965
0 0.719609 0.561958 0.075977 0.013631
0 0.668958 0.635688 0.081766 0.009913
2 0.235528 0.666047 0.009407 0.097893
0 0.371201 0.166047 0.549928 0.037175
2 0.269175 0.347584 0.008683 0.400248
0 0.696093 0.592317 0.082489 0.009913
0 0.700796 0.109665 0.123734 0.018587
0 0.954414 0.314746 0.088278 0.024783
0 0.635673 0.682156 0.083213 0.011152
0 0.605282 0.624535 0.097685 0.014870
0 0.702605 0.113383 0.130246 0.018587
0 0.604559 0.627014 0.093343 0.012392
0 0.607815 0.628872 0.094067 0.011152
0 0.636035 0.684634 0.081042 0.016109
