1 0.724313 0.617720 0.054993 0.110285
1 0.396527 0.625774 0.053546 0.091698
2 0.777858 0.094796 0.007236 0.112763
0 0.767728 0.261462 0.082489 0.009913
0 0.650868 0.464064 0.077424 0.026022
2 0.592258 0.514870 0.009407 0.162330
2 0.304269 0.331475 0.009407 0.100372
0 0.401592 0.302354 0.274964 0.012392
2 0.306078 0.573110 0.007236 0.105328
0 0.788712 0.232342 0.076700 0.008674
2 0.338640 0.125774 0.005789 0.177200
0 0.704414 0.352540 0.081766 0.011152
0 0.078509 0.643742 0.128075 0.011152
2 0.340087 0.126394 0.007236 0.180917
1 0.468886 0.622677 0.050651 0.080545
0 0.738061 0.306072 0.079595 0.007435
1 0.468886 0.609046 0.050651 0.053284
