1 0.882055 0.933705 0.053546 0.095415
1 0.633502 0.095415 0.038350 0.094176
1 0.349132 0.091698 0.045586 0.101611
1 0.360347 0.562577 0.040521 0.094176
0 0.706585 0.772615 0.075977 0.026022
0 0.483357 0.150558 0.612156 0.043371
2 0.834298 0.268278 0.010130 0.397770
0 0.844790 0.539033 0.077424 0.014870
2 0.360347 0.647460 0.008683 0.090458
0 0.460926 0.611524 0.273517 0.013631
0 0.732996 0.603470 0.091172 0.012392
0 0.794139 0.614622 0.081766 0.009913
0 0.821635 0.570012 0.084660 0.009913
0 0.760854 0.659232 0.081766 0.009913
0 0.803907 0.091698 0.082489 0.017348
2 0.395080 0.327138 0.007236 0.399009
2 0.395080 0.247831 0.007236 0.232962
2 0.360347 0.856258 0.007236 0.059480
