1 0.715630 0.096035 0.044863 0.097893
0 0.696816 0.771995 0.076700 0.024783
0 0.473951 0.149938 0.612156 0.044610
1 0.968524 0.925651 0.055716 0.109046
0 0.447540 0.611524 0.272793 0.013631
2 0.350941 0.643742 0.010130 0.097893
0 0.751809 0.659851 0.079595 0.011152
2 0.385311 0.326518 0.009407 0.390335
0 0.708032 0.604089 0.120839 0.011152
0 0.802098 0.091078 0.094790 0.016109
0 0.834660 0.537175 0.075977 0.011152
2 0.825615 0.220570 0.010130 0.299876
2 0.351664 0.864312 0.008683 0.073110
0 0.786541 0.611524 0.083936 0.011152
0 0.832851 0.570012 0.041968 0.009913
