2 0.400868 0.504957 0.010130 0.144981
1 0.149421 0.625155 0.055716 0.097893
1 0.228292 0.254027 0.049928 0.091698
2 0.146527 0.126394 0.006512 0.173482
0 0.458755 0.465923 0.078148 0.027261
1 0.132779 0.255266 0.055716 0.094176
0 0.574168 0.261462 0.075977 0.009913
2 0.113965 0.333333 0.009407 0.094176
0 0.215268 0.301735 0.268452 0.016109
2 0.586469 0.094796 0.006512 0.112763
0 0.596237 0.230483 0.075253 0.007435
2 0.938133 0.523544 0.010854 0.055762
2 0.937771 0.112763 0.004342 0.148699
2 0.939580 0.413259 0.007959 0.189591
2 0.585022 0.095415 0.007959 0.114002
2 0.112518 0.558240 0.005065 0.097893
2 0.113965 0.568154 0.009407 0.100372
0 0.514110 0.353779 0.081766 0.013631
1 0.074530 0.619579 0.041968 0.101611
1 0.312590 0.255266 0.052098 0.094176
1 0.478292 0.226146 0.050651 0.050805
1 0.440666 0.413259 0.053546 0.095415
1 0.725760 0.614002 0.060781 0.102850
1 0.778944 0.627633 0.048480 0.092937
1 0.909913 0.622677 0.060058 0.105328
1 0.547395 0.305452 0.083213 0.011152
0 0.499276 0.674721 0.988423 0.016109
