1 0.104197 0.508674 0.054993 0.097893
1 0.487699 0.662330 0.054993 0.095415
1 0.164616 0.882900 0.057164 0.097893
0 0.554631 0.563197 0.083213 0.008674
1 0.481187 0.500000 0.050651 0.095415
2 0.594067 0.337670 0.007236 0.132590
0 0.604920 0.489467 0.075253 0.009913
0 0.465991 0.723668 0.078148 0.029740
0 0.579595 0.519827 0.078148 0.011152
2 0.946093 0.368030 0.007959 0.156134
2 0.595152 0.094176 0.006512 0.116481
2 0.120478 0.828996 0.006512 0.101611
0 0.218886 0.559480 0.284370 0.013631
2 0.120478 0.592317 0.009407 0.091698
2 0.946816 0.825279 0.009407 0.071871
0 0.532923 0.610285 0.057164 0.008674
1 0.558973 0.868030 0.041245 0.075589
2 0.155210 0.276952 0.006512 0.390335
0 0.530391 0.610905 0.060781 0.012392
0 0.487699 0.553284 0.121563 0.013631
0 0.324530 0.091698 0.445007 0.024783
0 0.865774 0.242255 0.136758 0.018587
