1 0.228654 0.252788 0.053546 0.091698
1 0.134588 0.252169 0.054993 0.092937
1 0.441027 0.409542 0.052822 0.097893
1 0.776049 0.625774 0.049928 0.094176
1 0.970695 0.623296 0.047033 0.096654
1 0.358900 0.623296 0.050651 0.099133
1 0.615412 0.622057 0.052822 0.099133
2 0.585022 0.094176 0.006512 0.116481
1 0.228654 0.625155 0.037627 0.092937
0 0.457308 0.464064 0.081042 0.026022
1 0.477207 0.244114 0.049928 0.089219
2 0.937410 0.109665 0.005065 0.147460
0 0.573444 0.261462 0.081766 0.009913
2 0.146527 0.124535 0.006512 0.174721
0 0.544501 0.306072 0.083213 0.009913
0 0.512663 0.351301 0.084660 0.011152
2 0.112880 0.333953 0.008683 0.095415
2 0.938133 0.522305 0.010854 0.053284
0 0.475398 0.293680 0.108538 0.009913
2 0.938133 0.411400 0.007959 0.185874
2 0.399059 0.516729 0.010854 0.158612
2 0.111071 0.558240 0.005065 0.080545
0 0.595514 0.232342 0.075253 0.008674
0 0.207308 0.301115 0.268452 0.014870
0 0.575615 0.260223 0.083213 0.012392
