1 0.726845 0.249071 0.054269 0.096654
1 0.705137 0.413259 0.054269 0.097893
1 0.761939 0.623296 0.052098 0.094176
1 0.027858 0.622057 0.047033 0.094176
1 0.333213 0.623296 0.036903 0.094176
0 0.761577 0.350682 0.077424 0.009913
1 0.501085 0.250310 0.036903 0.091698
0 0.045586 0.674102 0.081042 0.014870
0 0.460203 0.302354 0.287988 0.014870
1 0.465268 0.627633 0.049204 0.092937
2 0.833936 0.095415 0.006512 0.114002
0 0.845152 0.232342 0.075253 0.008674
2 0.395803 0.127014 0.005789 0.179678
2 0.648336 0.513011 0.010130 0.158612
1 0.457670 0.254647 0.048480 0.095415
0 0.822721 0.262082 0.082489 0.011152
2 0.361071 0.335192 0.010130 0.102850
0 0.844067 0.231103 0.074530 0.008674
0 0.795948 0.305452 0.083936 0.008674
0 0.138567 0.646221 0.130970 0.008674
0 0.725036 0.296159 0.109986 0.014870
1 0.295224 0.619579 0.047757 0.076828
0 0.705137 0.465304 0.083213 0.026022
0 0.593343 0.675341 0.801737 0.017348
