1 0.028220 0.930607 0.053546 0.101611
1 0.183430 0.928748 0.054269 0.105328
1 0.463821 0.085502 0.052098 0.104089
0 0.706946 0.772615 0.075253 0.026022
0 0.483719 0.149938 0.601302 0.042131
2 0.834298 0.267658 0.010130 0.399009
0 0.458755 0.611524 0.270622 0.013631
0 0.844790 0.539033 0.077424 0.014870
0 0.717800 0.603470 0.121563 0.012392
0 0.794139 0.614622 0.081766 0.009913
0 0.760854 0.659232 0.081766 0.009913
0 0.821635 0.570012 0.084660 0.009913
2 0.360347 0.647460 0.008683 0.092937
0 0.803546 0.091698 0.084660 0.017348
2 0.394718 0.328377 0.007959 0.391574
2 0.395080 0.291202 0.007236 0.317224
