1 0.840087 0.934944 0.053546 0.092937
1 0.615774 0.545849 0.054993 0.100372
1 0.192113 0.120818 0.055716 0.095415
0 0.756874 0.614622 0.081042 0.009913
0 0.723589 0.659851 0.085384 0.011152
0 0.785818 0.570012 0.085384 0.009913
0 0.689219 0.603470 0.107815 0.012392
0 0.806440 0.539033 0.075977 0.014870
2 0.356368 0.330235 0.007959 0.392813
0 0.666425 0.771995 0.078148 0.022305
2 0.796671 0.263321 0.008683 0.400248
0 0.369754 0.612144 0.169320 0.012392
2 0.323082 0.650558 0.009407 0.084263
0 0.690304 0.606568 0.112880 0.013631
1 0.370839 0.100991 0.032562 0.092937
1 0.328148 0.554523 0.051375 0.110285
0 0.785456 0.090458 0.125181 0.014870
0 0.444284 0.149938 0.603473 0.039653
