0 0.706223 0.463445 0.078148 0.024783
0 0.043415 0.675341 0.075253 0.012392
2 0.648336 0.514250 0.010130 0.161090
0 0.821274 0.261462 0.081042 0.009913
2 0.361433 0.332714 0.009407 0.102850
2 0.361795 0.571252 0.007236 0.104089
0 0.794863 0.306072 0.083213 0.009913
0 0.844067 0.232342 0.074530 0.008674
0 0.761216 0.351301 0.085384 0.011152
0 0.456946 0.301115 0.272793 0.012392
2 0.833575 0.092317 0.005789 0.112763
2 0.394718 0.126394 0.006512 0.178439
2 0.395803 0.127633 0.005789 0.180917
1 0.525326 0.623916 0.052098 0.090458
0 0.128799 0.645601 0.111433 0.009913
0 0.759045 0.353779 0.081042 0.013631
0 0.823806 0.260223 0.083213 0.012392
0 0.725398 0.292441 0.109262 0.009913
2 0.360347 0.571252 0.008683 0.104089
