1 0.218162 0.560099 0.057164 0.096654
1 0.134226 0.562577 0.054269 0.096654
1 0.909551 0.928748 0.057887 0.100372
1 0.293054 0.557001 0.046310 0.090458
1 0.489508 0.097893 0.052822 0.099133
1 0.492402 0.543371 0.052822 0.078067
0 0.458755 0.770756 0.076700 0.027261
0 0.600217 0.537794 0.068741 0.012392
0 0.212735 0.610285 0.273517 0.016109
0 0.321274 0.143742 0.445731 0.034696
0 0.861071 0.291822 0.137482 0.018587
2 0.113965 0.641884 0.009407 0.094176
2 0.938857 0.469641 0.009407 0.265180
2 0.589001 0.265180 0.010130 0.396530
2 0.114689 0.876084 0.007959 0.104089
0 0.579595 0.087980 0.123010 0.017348
0 0.514472 0.661710 0.081042 0.009913
0 0.592258 0.565675 0.061505 0.008674
1 0.280753 0.081784 0.053546 0.099133
0 0.554269 0.613383 0.078148 0.009913
0 0.486252 0.601611 0.120116 0.011152
2 0.939219 0.807311 0.008683 0.105328
2 0.938857 0.586121 0.009407 0.081784
2 0.147612 0.328996 0.008683 0.390335
0 0.589001 0.568773 0.062229 0.012392
0 0.507959 0.601611 0.162084 0.011152
0 0.552460 0.612144 0.084660 0.012392
