0 0.688133 0.787485 0.086831 0.026022
2 0.345514 0.653656 0.009407 0.097893
0 0.829595 0.552664 0.074530 0.012392
1 0.021708 0.943618 0.036179 0.083024
0 0.446454 0.623296 0.276411 0.012392
0 0.806802 0.581165 0.082489 0.012392
0 0.473589 0.161710 0.630246 0.040892
0 0.746382 0.674102 0.081766 0.014870
2 0.819465 0.285006 0.010854 0.379182
2 0.378799 0.334572 0.007959 0.381660
0 0.778944 0.623916 0.078871 0.013631
0 0.715268 0.615242 0.106368 0.011152
0 0.783647 0.105948 0.075253 0.018587
0 0.747467 0.668525 0.081042 0.016109
