1 0.558249 0.403965 0.049928 0.096654
1 0.498915 0.403965 0.052822 0.096654
1 0.316570 0.776952 0.054269 0.094176
1 0.028944 0.775713 0.052098 0.099133
1 0.744935 0.779430 0.052822 0.089219
1 0.523878 0.775713 0.056440 0.099133
1 0.738061 0.399628 0.052098 0.092937
1 0.936686 0.779430 0.052822 0.094176
1 0.392547 0.407683 0.035456 0.089219
1 0.397612 0.780669 0.051375 0.094176
0 0.709841 0.615861 0.070912 0.024783
2 0.394718 0.211276 0.007959 0.358116
0 0.723951 0.447955 0.110709 0.013631
0 0.761939 0.504337 0.082489 0.012392
2 0.834298 0.166667 0.010130 0.261462
0 0.463097 0.454771 0.270622 0.017348
0 0.044863 0.827757 0.079595 0.014870
0 0.137482 0.796159 0.127352 0.011152
2 0.834298 0.200124 0.008683 0.194548
0 0.797033 0.459108 0.086107 0.011152
2 0.360347 0.709418 0.007236 0.075589
0 0.794501 0.460967 0.078148 0.012392
