1 0.583213 0.502478 0.053546 0.092937
1 0.517728 0.500000 0.052822 0.097893
1 0.805355 0.456629 0.054993 0.100372
1 0.388567 0.514870 0.049204 0.097893
1 0.200072 0.532838 0.054269 0.089219
2 0.834298 0.672862 0.010130 0.401487
0 0.843705 0.951673 0.073806 0.012392
2 0.395080 0.685874 0.008683 0.281289
2 0.394356 0.725527 0.008683 0.363073
2 0.756874 0.391574 0.008683 0.084263
0 0.608900 0.552045 0.355282 0.021066
0 0.824168 0.500620 0.123010 0.019827
2 0.394718 0.771375 0.009407 0.457249
0 0.468886 0.553284 0.652677 0.026022
