2 0.146527 0.127014 0.005065 0.177200
2 0.585745 0.095415 0.005065 0.114002
2 0.400507 0.513631 0.007959 0.159851
2 0.937410 0.112763 0.005065 0.151177
2 0.937410 0.410161 0.003618 0.175960
2 0.938133 0.522305 0.009407 0.040892
2 0.112518 0.332714 0.006512 0.100372
2 0.112518 0.571252 0.006512 0.104089
0 0.499638 0.673482 0.987699 0.016109
0 0.212735 0.302974 0.279305 0.013631
0 0.489870 0.295539 0.094067 0.011152
0 0.596237 0.231722 0.075253 0.007435
0 0.575615 0.262082 0.080318 0.006196
0 0.547757 0.306691 0.081042 0.008674
0 0.514472 0.352540 0.082489 0.008674
0 0.463459 0.464064 0.067294 0.026022
1 0.148698 0.250929 0.054269 0.095415
1 0.308611 0.241636 0.052822 0.089219
1 0.433430 0.241016 0.044863 0.092937
1 0.407381 0.391574 0.054993 0.091698
1 0.027496 0.614622 0.043415 0.101611
1 0.188133 0.628253 0.053546 0.091698
1 0.234443 0.627633 0.039074 0.092937
1 0.371925 0.627014 0.054993 0.096654
1 0.475036 0.585502 0.061505 0.045849
1 0.909913 0.620818 0.060058 0.104089
