1 0.695731 0.726146 0.052822 0.096654
1 0.728654 0.561338 0.054993 0.096654
1 0.864689 0.939281 0.053546 0.089219
1 0.489146 0.566914 0.050651 0.097893
1 0.447178 0.564436 0.040521 0.097893
1 0.026049 0.935564 0.047757 0.094176
1 0.594067 0.092317 0.053546 0.100372
1 0.333575 0.094796 0.053546 0.107807
0 0.463097 0.617720 0.274964 0.016109
2 0.834298 0.273234 0.010130 0.397770
0 0.703690 0.779430 0.083213 0.024783
0 0.476122 0.155514 0.617945 0.043371
0 0.822359 0.576208 0.083213 0.009913
0 0.762663 0.665428 0.078148 0.009913
0 0.795586 0.619579 0.083213 0.009913
0 0.844790 0.545849 0.077424 0.016109
0 0.712012 0.609046 0.133140 0.013631
2 0.360709 0.652416 0.009407 0.095415
2 0.393994 0.336431 0.007959 0.390335
0 0.803546 0.099752 0.086107 0.018587
0 0.712012 0.611524 0.133140 0.013631
1 0.807164 0.068154 0.047033 0.069393
2 0.360709 0.866171 0.007959 0.064436
