1 0.344790 0.105948 0.052822 0.097893
1 0.968524 0.935564 0.051375 0.094176
0 0.480825 0.153036 0.599855 0.043371
0 0.706223 0.775713 0.076700 0.027261
2 0.360709 0.646221 0.009407 0.095415
2 0.834298 0.270136 0.010130 0.399009
0 0.821635 0.573110 0.083213 0.008674
0 0.761577 0.661710 0.080318 0.009913
0 0.794501 0.616481 0.081042 0.008674
0 0.717077 0.605948 0.123010 0.012392
0 0.456946 0.614002 0.271346 0.013631
0 0.803907 0.094176 0.085384 0.017348
2 0.394718 0.330235 0.007959 0.390335
0 0.844428 0.540273 0.078148 0.017348
2 0.361071 0.863693 0.007236 0.066914
0 0.842619 0.542751 0.087554 0.012392
