1 0.856729 0.933705 0.052098 0.092937
1 0.026411 0.928748 0.049928 0.102850
1 0.229740 0.118340 0.054269 0.095415
1 0.688133 0.719950 0.053546 0.094176
1 0.727207 0.555143 0.050651 0.091698
1 0.531838 0.089219 0.053546 0.096654
1 0.382055 0.561338 0.052098 0.091698
1 0.940304 0.936183 0.044139 0.087980
0 0.479740 0.149938 0.612156 0.042131
0 0.705499 0.772615 0.081042 0.026022
2 0.834298 0.267658 0.010130 0.399009
2 0.360709 0.644981 0.009407 0.095415
0 0.844790 0.539033 0.077424 0.014870
0 0.459479 0.610905 0.273517 0.014870
0 0.794501 0.614622 0.081042 0.009913
1 0.440304 0.087361 0.054269 0.102850
0 0.761577 0.659232 0.080318 0.009913
0 0.821997 0.570012 0.083936 0.009913
0 0.711288 0.604089 0.136035 0.013631
0 0.803546 0.091698 0.084660 0.017348
2 0.393994 0.328996 0.007959 0.392813
