2 0.193560 0.125774 0.005065 0.177200
2 0.160275 0.332094 0.006512 0.101611
2 0.160275 0.570632 0.006512 0.100372
2 0.447902 0.500620 0.007236 0.136307
2 0.634226 0.095415 0.006512 0.114002
2 0.985528 0.167286 0.004342 0.042131
2 0.985166 0.410781 0.003618 0.179678
2 0.985890 0.524164 0.009407 0.044610
0 0.259768 0.302354 0.279305 0.012392
0 0.537627 0.294919 0.088278 0.007435
0 0.643994 0.232342 0.075253 0.008674
0 0.624457 0.263321 0.082489 0.008674
0 0.594790 0.306691 0.082489 0.008674
0 0.561867 0.352540 0.081766 0.006196
0 0.507236 0.465304 0.075253 0.023544
0 0.500362 0.673482 0.989146 0.013631
