1 0.706946 0.721809 0.053546 0.095415
1 0.028582 0.931227 0.052822 0.100372
1 0.976122 0.934325 0.040521 0.094176
1 0.835745 0.930607 0.056440 0.099133
1 0.207670 0.112763 0.054993 0.101611
1 0.440666 0.089839 0.056440 0.102850
1 0.447540 0.558240 0.048480 0.095415
0 0.486614 0.150558 0.599855 0.043371
2 0.360709 0.645601 0.009407 0.096654
2 0.834298 0.273234 0.010130 0.387856
0 0.844790 0.539033 0.077424 0.014870
0 0.459117 0.610905 0.274240 0.014870
0 0.703329 0.775093 0.088278 0.026022
0 0.708755 0.603470 0.138205 0.012392
0 0.798480 0.092937 0.073082 0.017348
0 0.794139 0.614622 0.081766 0.009913
0 0.821635 0.570012 0.084660 0.009913
0 0.761939 0.659232 0.079595 0.009913
2 0.394718 0.328377 0.007959 0.394052
2 0.395080 0.284387 0.007236 0.301115
