1 0.037265 0.926890 0.061505 0.104089
1 0.375543 0.091698 0.049204 0.104089
1 0.984443 0.935564 0.028220 0.091698
0 0.706585 0.773234 0.075977 0.027261
0 0.470333 0.149938 0.615051 0.042131
2 0.360347 0.644981 0.008683 0.095415
2 0.834298 0.268278 0.010130 0.397770
0 0.844790 0.539033 0.077424 0.014870
0 0.459117 0.610285 0.274240 0.013631
0 0.715630 0.603470 0.125904 0.012392
0 0.760854 0.659232 0.081766 0.009913
0 0.794139 0.614622 0.081766 0.009913
0 0.821635 0.570012 0.084660 0.009913
0 0.803546 0.091698 0.084660 0.017348
2 0.394718 0.327757 0.007959 0.390335
2 0.360709 0.861834 0.006512 0.068154
