1 0.714544 0.623296 0.057164 0.099133
1 0.358900 0.246592 0.056440 0.104089
2 0.718162 0.094176 0.006512 0.114002
2 0.531476 0.511772 0.009407 0.161090
0 0.590810 0.464064 0.078871 0.026022
0 0.347323 0.301735 0.279305 0.013631
0 0.708032 0.261462 0.081766 0.009913
0 0.645441 0.351301 0.081042 0.011152
2 0.244573 0.573110 0.005789 0.102850
2 0.277496 0.127014 0.007959 0.177200
2 0.244935 0.335192 0.006512 0.097893
0 0.727207 0.232342 0.078148 0.008674
0 0.044863 0.643742 0.076700 0.011152
0 0.679450 0.305452 0.079595 0.008674
1 0.181621 0.623296 0.034732 0.099133
1 0.384588 0.623296 0.055716 0.094176
0 0.606006 0.293061 0.129522 0.013631
