2 0.162084 0.125774 0.005789 0.177200
2 0.129161 0.333333 0.007959 0.101611
2 0.129522 0.569393 0.005789 0.100372
2 0.416787 0.513631 0.008683 0.157373
2 0.601664 0.095415 0.005065 0.116481
2 0.953329 0.115242 0.003618 0.151177
2 0.953690 0.410781 0.004342 0.177200
2 0.954052 0.522924 0.009407 0.042131
0 0.229016 0.302354 0.274240 0.012392
0 0.507236 0.295539 0.085384 0.006196
0 0.612156 0.232342 0.075253 0.008674
0 0.592619 0.263941 0.082489 0.009913
0 0.562590 0.306691 0.081766 0.008674
0 0.530391 0.352540 0.082489 0.008674
0 0.477207 0.465304 0.070188 0.028501
0 0.499638 0.674721 0.987699 0.013631
1 0.438495 0.210657 0.053546 0.044610
