1 0.865774 0.616481 0.055716 0.100372
1 0.695731 0.620198 0.055716 0.097893
1 0.777858 0.627633 0.050651 0.092937
1 0.337192 0.622677 0.053546 0.097893
2 0.585384 0.094176 0.005789 0.116481
0 0.458394 0.464064 0.078871 0.026022
2 0.937410 0.109665 0.005065 0.147460
0 0.572721 0.261462 0.081766 0.009913
2 0.112518 0.331475 0.007959 0.100372
2 0.146527 0.125774 0.006512 0.179678
0 0.548119 0.306072 0.074530 0.009913
0 0.207308 0.301735 0.265557 0.011152
0 0.511216 0.351301 0.081766 0.011152
2 0.400507 0.516109 0.010854 0.164808
2 0.937771 0.524164 0.011577 0.049566
2 0.937771 0.412639 0.007236 0.188352
0 0.595514 0.232342 0.075253 0.008674
0 0.486252 0.293061 0.101302 0.011152
2 0.939219 0.415118 0.008683 0.195787
2 0.112156 0.558240 0.005789 0.075589
