1 0.940304 0.942999 0.054269 0.081784
0 0.439942 0.621437 0.273517 0.013631
0 0.687771 0.781908 0.075977 0.027261
2 0.341896 0.649938 0.010854 0.102850
2 0.815123 0.268278 0.010854 0.392813
0 0.775326 0.623916 0.081766 0.013631
0 0.742764 0.667906 0.080318 0.014870
0 0.741317 0.674102 0.083213 0.014870
0 0.705861 0.614002 0.109262 0.011152
0 0.801737 0.098513 0.109986 0.016109
2 0.375904 0.337051 0.009407 0.386617
0 0.463097 0.159232 0.622287 0.040892
0 0.843705 0.548327 0.039074 0.011152
2 0.341534 0.871747 0.007236 0.065675
0 0.800289 0.101611 0.117221 0.017348
