1 0.438857 0.552664 0.054269 0.089219
1 0.136758 0.561958 0.054993 0.097893
1 0.212373 0.553903 0.054269 0.106568
1 0.297395 0.547708 0.040521 0.096654
0 0.457670 0.771375 0.077424 0.028501
1 0.898698 0.923792 0.052098 0.102850
0 0.320188 0.145601 0.429088 0.035936
0 0.861795 0.291822 0.140376 0.018587
0 0.211650 0.610285 0.274240 0.016109
0 0.610347 0.537794 0.047033 0.012392
2 0.937771 0.482032 0.010130 0.287485
2 0.112880 0.643123 0.010130 0.094176
2 0.586107 0.260843 0.010130 0.395291
2 0.112880 0.877323 0.007236 0.099133
0 0.576339 0.087980 0.125181 0.017348
2 0.937410 0.588600 0.009407 0.079306
0 0.511216 0.661090 0.078871 0.011152
0 0.578148 0.091078 0.130246 0.016109
0 0.551737 0.613383 0.103473 0.009913
2 0.145803 0.332094 0.007959 0.389095
0 0.481187 0.600991 0.075253 0.012392
0 0.574530 0.084882 0.127352 0.018587
0 0.591896 0.561958 0.059334 0.011152
