1 0.709841 0.622677 0.052098 0.095415
1 0.970695 0.623916 0.051375 0.097893
1 0.424385 0.620198 0.057164 0.105328
1 0.169682 0.244734 0.054269 0.097893
1 0.475760 0.234201 0.052822 0.094176
1 0.293415 0.625155 0.054269 0.095415
2 0.585384 0.094796 0.007236 0.117720
1 0.401230 0.389715 0.054269 0.092937
1 0.492041 0.627633 0.044863 0.085502
1 0.867221 0.615242 0.052822 0.102850
0 0.459479 0.462825 0.076700 0.023544
2 0.111795 0.552664 0.006512 0.066914
2 0.937410 0.109665 0.005065 0.147460
1 0.371201 0.239157 0.050651 0.094176
0 0.573444 0.261462 0.081766 0.009913
2 0.112880 0.332094 0.008683 0.099133
0 0.544863 0.306072 0.082489 0.009913
0 0.212012 0.301115 0.269175 0.014870
0 0.511939 0.350062 0.084660 0.011152
2 0.938133 0.410781 0.007959 0.184634
2 0.938133 0.523544 0.010854 0.048327
0 0.595514 0.231722 0.075253 0.009913
0 0.469609 0.291822 0.130246 0.011152
2 0.146165 0.102850 0.005789 0.128872
0 0.575615 0.260843 0.081766 0.013631
2 0.114327 0.552045 0.008683 0.068154
