2 0.832489 0.095415 0.006512 0.114002
2 0.362156 0.333333 0.007959 0.101611
2 0.649783 0.513011 0.007236 0.158612
0 0.459117 0.304833 0.272793 0.017348
0 0.704052 0.293061 0.140376 0.011152
0 0.844428 0.232342 0.075253 0.008674
0 0.824891 0.263321 0.081042 0.008674
0 0.795586 0.307311 0.081766 0.009913
0 0.763386 0.352540 0.082489 0.011152
0 0.045224 0.674721 0.078871 0.011152
0 0.137844 0.643742 0.128075 0.008674
0 0.593343 0.677819 0.800289 0.017348
1 0.349493 0.250929 0.053546 0.095415
1 0.477931 0.228625 0.055716 0.035936
1 0.557887 0.255886 0.039074 0.095415
1 0.726845 0.248451 0.052822 0.092937
1 0.696093 0.414498 0.053546 0.095415
1 0.030391 0.622057 0.049204 0.101611
1 0.778220 0.622057 0.061505 0.101611
1 0.682344 0.582404 0.052098 0.032218
1 0.614327 0.595415 0.057887 0.050805
