2 0.395441 0.126394 0.005065 0.175960
2 0.835384 0.094796 0.005065 0.112763
2 0.649421 0.512392 0.006512 0.157373
2 0.361795 0.332714 0.007236 0.100372
0 0.461288 0.301735 0.280029 0.016109
0 0.845152 0.232342 0.075253 0.008674
0 0.825615 0.263321 0.082489 0.008674
0 0.795586 0.307311 0.081766 0.009913
0 0.763386 0.352540 0.082489 0.008674
0 0.736614 0.295539 0.089725 0.008674
0 0.701158 0.465304 0.089725 0.026022
0 0.044863 0.675341 0.078148 0.012392
0 0.137844 0.644362 0.128075 0.007435
0 0.568017 0.674721 0.749638 0.011152
