2 0.145803 0.126394 0.005065 0.175960
2 0.585745 0.094796 0.005065 0.115242
2 0.938133 0.060719 0.005065 0.044610
2 0.937771 0.147460 0.004342 0.084263
2 0.938133 0.411400 0.005065 0.180917
2 0.938495 0.524164 0.010130 0.044610
2 0.400145 0.512392 0.007236 0.159851
2 0.113242 0.332094 0.007959 0.101611
2 0.112880 0.571252 0.005789 0.101611
1 0.229740 0.257125 0.054269 0.090458
1 0.189219 0.257745 0.028220 0.089219
1 0.309334 0.254027 0.035456 0.096654
1 0.453329 0.242255 0.054269 0.095415
1 0.463821 0.411400 0.053546 0.094176
1 0.857815 0.625155 0.054269 0.090458
1 0.530029 0.622057 0.061505 0.101611
1 0.150145 0.628872 0.054269 0.092937
0 0.201881 0.302974 0.261939 0.013631
0 0.486614 0.294919 0.096237 0.012392
0 0.596237 0.232342 0.075253 0.008674
0 0.576339 0.263941 0.083213 0.009913
0 0.548480 0.306691 0.079595 0.011152
0 0.514110 0.352540 0.083213 0.008674
0 0.542330 0.674721 0.902315 0.013631
0 0.459117 0.467162 0.075977 0.027261
