1 0.643632 0.094796 0.047033 0.095415
1 0.709479 0.553903 0.052822 0.096654
1 0.739146 0.102230 0.054269 0.095415
1 0.422938 0.098513 0.054269 0.097893
1 0.052460 0.928129 0.064399 0.099133
1 0.371563 0.552664 0.058611 0.106568
0 0.704414 0.770756 0.080318 0.027261
2 0.833575 0.389095 0.008683 0.138786
0 0.761577 0.657993 0.084660 0.012392
0 0.844428 0.537794 0.075253 0.012392
2 0.360347 0.643742 0.010130 0.095415
0 0.459479 0.609665 0.269175 0.014870
0 0.824168 0.568773 0.085384 0.012392
0 0.795586 0.612763 0.081766 0.011152
2 0.395803 0.228625 0.008683 0.187113
0 0.479016 0.149318 0.610709 0.043371
0 0.826700 0.087361 0.123734 0.028501
