1 0.391100 0.389095 0.054269 0.089219
1 0.427279 0.228005 0.042692 0.089219
1 0.491679 0.230483 0.036903 0.089219
1 0.387120 0.246592 0.017366 0.089219
1 0.332851 0.258984 0.015919 0.084263
2 0.145803 0.124535 0.006512 0.174721
2 0.113242 0.332094 0.007959 0.099133
2 0.113242 0.568773 0.005065 0.101611
2 0.585745 0.095415 0.005065 0.114002
2 0.400868 0.513011 0.008683 0.158612
2 0.938133 0.114622 0.003618 0.149938
2 0.938495 0.410781 0.004342 0.179678
2 0.938857 0.524164 0.009407 0.044610
0 0.213097 0.302974 0.277135 0.013631
0 0.483357 0.294919 0.102750 0.012392
0 0.596237 0.231722 0.075253 0.007435
0 0.576700 0.263321 0.082489 0.008674
0 0.547033 0.306691 0.082489 0.008674
0 0.514110 0.352540 0.083213 0.008674
0 0.500000 0.674721 0.988423 0.013631
