0 0.715268 0.771995 0.058611 0.027261
0 0.845152 0.539033 0.076700 0.014870
0 0.468886 0.152416 0.617945 0.044610
0 0.462373 0.611524 0.270622 0.013631
0 0.821635 0.570012 0.083213 0.009913
2 0.835022 0.266419 0.010130 0.396530
0 0.803907 0.092937 0.083936 0.014870
0 0.800651 0.614622 0.073082 0.009913
0 0.761939 0.659851 0.082489 0.011152
2 0.393632 0.330235 0.008683 0.392813
0 0.710926 0.603470 0.148336 0.012392
0 0.804631 0.089839 0.078148 0.016109
2 0.361071 0.654275 0.008683 0.079306
0 0.728654 0.602850 0.108538 0.013631
