1 0.123010 0.255266 0.040521 0.094176
2 0.170767 0.126394 0.005789 0.175960
2 0.137120 0.333333 0.006512 0.101611
2 0.424747 0.513631 0.007236 0.159851
2 0.610347 0.094796 0.005065 0.112763
2 0.961288 0.061338 0.005065 0.043371
2 0.962012 0.148079 0.005065 0.080545
2 0.962012 0.412639 0.005065 0.180917
2 0.962012 0.530359 0.009407 0.047088
0 0.244573 0.301115 0.292330 0.014870
0 0.511939 0.294300 0.090449 0.006196
0 0.620116 0.231722 0.075253 0.007435
0 0.600217 0.263321 0.083213 0.008674
0 0.570550 0.306072 0.083213 0.009913
0 0.538712 0.351921 0.083213 0.009913
0 0.482996 0.465304 0.074530 0.033457
0 0.499638 0.674102 0.987699 0.014870
