0 0.044501 0.674721 0.077424 0.013631
0 0.707308 0.464684 0.075977 0.027261
0 0.454776 0.302974 0.269899 0.013631
2 0.833936 0.094796 0.006512 0.112763
2 0.395441 0.125774 0.006512 0.182156
0 0.820550 0.262082 0.081042 0.011152
1 0.191389 0.604089 0.062952 0.060719
2 0.648336 0.513631 0.010130 0.162330
2 0.361071 0.333333 0.010130 0.101611
1 0.431259 0.618959 0.054993 0.105328
0 0.761216 0.353160 0.081042 0.009913
0 0.844067 0.231103 0.074530 0.008674
1 0.192836 0.620818 0.058611 0.094176
0 0.137482 0.646221 0.127352 0.008674
2 0.362156 0.587361 0.006512 0.089219
0 0.798842 0.306072 0.076700 0.009913
