1 0.029305 0.939281 0.049928 0.091698
0 0.702605 0.783767 0.083936 0.026022
0 0.460564 0.619579 0.268452 0.012392
0 0.842981 0.548327 0.076700 0.011152
0 0.822359 0.578686 0.084660 0.009913
0 0.794501 0.622057 0.082489 0.009913
2 0.834660 0.267658 0.010854 0.403965
0 0.761216 0.667286 0.082489 0.013631
2 0.361071 0.659232 0.007236 0.081784
2 0.394356 0.331475 0.008683 0.385378
0 0.806440 0.099752 0.091896 0.018587
0 0.724674 0.611524 0.112156 0.011152
0 0.466353 0.156134 0.586831 0.042131
0 0.761577 0.672862 0.084660 0.017348
