0 0.706585 0.784387 0.077424 0.027261
0 0.843705 0.550186 0.075253 0.014870
2 0.834298 0.278191 0.010130 0.400248
0 0.459841 0.622677 0.275687 0.013631
0 0.473951 0.159232 0.612156 0.043371
2 0.360709 0.654895 0.010854 0.095415
0 0.821635 0.580545 0.084660 0.011152
1 0.078871 0.931846 0.056440 0.086741
0 0.723951 0.614622 0.109262 0.012392
2 0.394356 0.337051 0.008683 0.394052
0 0.793777 0.623296 0.082489 0.012392
0 0.805716 0.102230 0.090449 0.018587
0 0.761216 0.667906 0.079595 0.014870
0 0.798119 0.625774 0.079595 0.012392
