1 0.919320 0.933086 0.052822 0.094176
1 0.979740 0.933705 0.039074 0.095415
1 0.304631 0.099752 0.044863 0.107807
0 0.469247 0.149938 0.614327 0.044610
0 0.845152 0.539033 0.076700 0.014870
0 0.763025 0.659232 0.080318 0.009913
0 0.700796 0.771375 0.090449 0.018587
0 0.821274 0.570012 0.083936 0.009913
0 0.796310 0.614622 0.081766 0.009913
2 0.361071 0.643742 0.010130 0.097893
2 0.835022 0.267658 0.010130 0.394052
0 0.462012 0.611524 0.280029 0.013631
2 0.394356 0.330235 0.008683 0.397770
0 0.805355 0.093556 0.085384 0.016109
0 0.702243 0.601611 0.149783 0.011152
1 0.526411 0.550186 0.038350 0.059480
2 0.361433 0.859975 0.006512 0.066914
