1 0.155572 0.618959 0.057887 0.107807
1 0.652677 0.621437 0.053546 0.095415
1 0.777496 0.628253 0.052822 0.091698
1 0.264110 0.626394 0.053546 0.095415
2 0.585384 0.094176 0.005789 0.116481
0 0.458394 0.464064 0.078871 0.026022
2 0.937410 0.109665 0.005065 0.147460
0 0.573082 0.260843 0.081042 0.008674
2 0.112518 0.331475 0.007959 0.100372
2 0.146527 0.125155 0.006512 0.175960
0 0.545586 0.306072 0.079595 0.009913
0 0.511939 0.351301 0.083213 0.011152
0 0.206585 0.302354 0.265557 0.012392
2 0.400507 0.516109 0.010854 0.164808
2 0.938133 0.524164 0.010854 0.052045
2 0.938133 0.412020 0.007959 0.187113
0 0.595514 0.232342 0.075253 0.008674
2 0.113242 0.560719 0.006512 0.085502
0 0.484443 0.293680 0.099132 0.009913
