0 0.706585 0.772615 0.075977 0.026022
0 0.471418 0.149318 0.621563 0.043371
2 0.834298 0.268278 0.010130 0.397770
2 0.360709 0.644362 0.009407 0.096654
1 0.809696 0.923792 0.050651 0.105328
2 0.395441 0.198885 0.007959 0.135068
0 0.844790 0.539033 0.077424 0.014870
0 0.716353 0.603470 0.124457 0.012392
0 0.794139 0.614622 0.081766 0.009913
0 0.458755 0.610285 0.273517 0.013631
0 0.760854 0.659232 0.081766 0.009913
0 0.821274 0.570012 0.083936 0.009913
0 0.803546 0.091698 0.084660 0.017348
1 0.104559 0.929368 0.035456 0.086741
2 0.394356 0.459727 0.007236 0.123916
2 0.360709 0.861834 0.006512 0.068154
