1 0.046310 0.934325 0.053546 0.091698
1 0.363965 0.561958 0.053546 0.095415
0 0.695731 0.771995 0.077424 0.027261
1 0.753980 0.094796 0.054993 0.102850
0 0.834298 0.539033 0.076700 0.014870
0 0.467800 0.152416 0.612880 0.047088
0 0.752533 0.659232 0.079595 0.009913
0 0.448263 0.612144 0.265557 0.014870
0 0.784732 0.614622 0.081766 0.009913
1 0.172214 0.927509 0.054993 0.097893
2 0.350217 0.646221 0.011577 0.095415
0 0.811505 0.570012 0.083213 0.009913
0 0.705499 0.603470 0.118669 0.012392
2 0.383140 0.317224 0.007959 0.374226
2 0.825615 0.265180 0.011577 0.399009
0 0.810420 0.090458 0.059334 0.014870
