1 0.847685 0.617720 0.054269 0.102850
1 0.798480 0.625155 0.048480 0.095415
1 0.325977 0.622677 0.054269 0.097893
2 0.585384 0.094176 0.005789 0.116481
0 0.458394 0.464064 0.078871 0.026022
0 0.572359 0.261462 0.082489 0.009913
2 0.937410 0.109665 0.005065 0.147460
2 0.112518 0.331475 0.007959 0.100372
2 0.111795 0.566295 0.006512 0.089219
2 0.146527 0.126394 0.006512 0.175960
2 0.400507 0.516109 0.010854 0.164808
0 0.548480 0.306691 0.073806 0.008674
0 0.514834 0.352540 0.083213 0.011152
0 0.595152 0.231722 0.075977 0.009913
2 0.937771 0.412020 0.007236 0.187113
2 0.937771 0.523544 0.011577 0.050805
0 0.207308 0.300496 0.268452 0.013631
2 0.939219 0.413879 0.008683 0.190830
1 0.669682 0.622677 0.039797 0.092937
0 0.484081 0.293680 0.101302 0.009913
