1 0.668596 0.621437 0.063676 0.102850
1 0.390376 0.244734 0.051375 0.102850
1 0.204052 0.627014 0.052098 0.094176
1 0.587192 0.240397 0.042692 0.094176
1 0.289797 0.628253 0.052822 0.094176
1 0.587916 0.623296 0.054269 0.099133
1 0.310058 0.244114 0.052822 0.099133
0 0.599493 0.464684 0.078871 0.027261
1 0.545948 0.628253 0.036903 0.089219
1 0.622287 0.406444 0.052098 0.099133
2 0.540883 0.511152 0.009407 0.154895
0 0.716353 0.261462 0.085384 0.009913
2 0.727207 0.095415 0.007236 0.111524
0 0.651592 0.350062 0.086107 0.008674
0 0.354559 0.301115 0.285094 0.014870
1 0.355644 0.623916 0.064399 0.097893
0 0.736975 0.232342 0.077424 0.008674
2 0.252533 0.330235 0.008683 0.100372
2 0.252894 0.567534 0.006512 0.094176
0 0.050289 0.643742 0.086107 0.011152
2 0.286903 0.111524 0.005065 0.151177
0 0.688857 0.306072 0.081042 0.007435
