1 0.366136 0.128253 0.063676 0.110285
1 0.463097 0.127014 0.053546 0.097893
1 0.658466 0.743494 0.054993 0.099133
1 0.333575 0.596654 0.053546 0.090458
1 0.183068 0.153036 0.054993 0.100372
1 0.659913 0.578686 0.052098 0.096654
0 0.704052 0.802974 0.081042 0.024783
1 0.027135 0.949814 0.048480 0.075589
2 0.834298 0.296159 0.010130 0.406444
0 0.480825 0.180297 0.620116 0.043371
0 0.843705 0.570632 0.075253 0.013631
0 0.459841 0.642503 0.269899 0.013631
2 0.360347 0.675960 0.010130 0.090458
0 0.717077 0.635068 0.127352 0.013631
0 0.761577 0.690830 0.081766 0.011152
0 0.823444 0.600991 0.085384 0.009913
2 0.395441 0.290582 0.007959 0.261462
0 0.818741 0.118959 0.113603 0.019827
1 0.861795 0.950434 0.052098 0.069393
0 0.794501 0.644981 0.081042 0.011152
2 0.394718 0.341388 0.007959 0.360595
1 0.798480 0.959108 0.022431 0.057001
0 0.708394 0.632590 0.146165 0.013631
