1 0.761216 0.622057 0.056440 0.104089
0 0.028220 0.674102 0.046310 0.014870
0 0.675832 0.462825 0.079595 0.023544
2 0.803907 0.092937 0.007236 0.114002
0 0.793054 0.260843 0.081042 0.008674
0 0.729740 0.351301 0.084660 0.011152
2 0.618307 0.486369 0.007959 0.110285
0 0.813676 0.232342 0.074530 0.008674
2 0.331042 0.333333 0.009407 0.101611
0 0.763386 0.305452 0.079595 0.008674
0 0.426918 0.301735 0.270622 0.013631
2 0.363242 0.122677 0.005789 0.173482
0 0.108538 0.645601 0.127352 0.009913
0 0.108538 0.643123 0.127352 0.009913
2 0.364689 0.122677 0.007236 0.173482
0 0.696093 0.293061 0.104197 0.011152
