1 0.218886 0.122057 0.054269 0.097893
1 0.672214 0.718092 0.053546 0.095415
1 0.925470 0.936803 0.054993 0.089219
1 0.551013 0.087980 0.041245 0.096654
1 0.681621 0.553284 0.044863 0.092937
1 0.638205 0.549566 0.050651 0.095415
1 0.759407 0.097274 0.051375 0.100372
0 0.488061 0.150558 0.618669 0.040892
0 0.701520 0.771995 0.087554 0.027261
2 0.834298 0.268278 0.010130 0.400248
2 0.360709 0.644981 0.009407 0.095415
1 0.877713 0.930607 0.037627 0.096654
0 0.844067 0.539033 0.078871 0.014870
1 0.402677 0.094796 0.051375 0.085502
0 0.760492 0.659232 0.081042 0.009913
0 0.794139 0.614622 0.083213 0.009913
0 0.462012 0.610905 0.280029 0.014870
0 0.706585 0.601611 0.143994 0.013631
1 0.096237 0.916357 0.044863 0.070632
0 0.815847 0.091698 0.055716 0.014870
2 0.394718 0.330235 0.007959 0.390335
0 0.822721 0.570012 0.083936 0.009913
2 0.361071 0.862454 0.007236 0.069393
2 0.359986 0.864932 0.007959 0.071871
