1 0.458394 0.622677 0.057164 0.100372
1 0.895080 0.628253 0.036179 0.091698
1 0.933792 0.625774 0.051375 0.094176
0 0.706223 0.463445 0.078148 0.024783
0 0.043415 0.675960 0.076700 0.011152
1 0.730463 0.623916 0.045586 0.095415
0 0.820912 0.261462 0.081766 0.009913
2 0.361433 0.332714 0.009407 0.102850
0 0.761577 0.351921 0.083213 0.009913
0 0.844067 0.232342 0.074530 0.008674
0 0.797757 0.306072 0.077424 0.009913
0 0.456946 0.301115 0.271346 0.012392
1 0.351302 0.618340 0.055716 0.104089
2 0.833575 0.092317 0.005789 0.112763
2 0.648336 0.508055 0.010130 0.151177
2 0.395080 0.125774 0.005789 0.179678
0 0.761577 0.353779 0.083213 0.013631
1 0.625543 0.621437 0.060058 0.102850
0 0.136035 0.645601 0.125904 0.009913
0 0.823444 0.260223 0.083936 0.012392
0 0.730463 0.294300 0.104920 0.011152
