2 0.400868 0.503098 0.010130 0.141264
1 0.205137 0.255266 0.055716 0.091698
2 0.146527 0.128872 0.006512 0.178439
0 0.459117 0.464684 0.078871 0.027261
0 0.574168 0.261462 0.075977 0.009913
2 0.586469 0.095415 0.006512 0.114002
0 0.596599 0.231103 0.074530 0.008674
2 0.937771 0.112763 0.004342 0.148699
2 0.113965 0.330235 0.009407 0.102850
0 0.211288 0.304213 0.282200 0.013631
2 0.113965 0.569393 0.009407 0.102850
2 0.938133 0.522924 0.010854 0.057001
2 0.112518 0.562577 0.006512 0.106568
2 0.585022 0.096035 0.007959 0.115242
2 0.939219 0.418216 0.008683 0.199504
0 0.511577 0.351301 0.081042 0.011152
0 0.816932 0.619579 0.060781 0.106568
