1 0.304269 0.104089 0.038350 0.094176
1 0.395080 0.087980 0.053546 0.106568
1 0.675832 0.557001 0.053546 0.092937
1 0.345876 0.102850 0.046310 0.096654
1 0.845152 0.929988 0.062229 0.097893
0 0.448263 0.149938 0.612880 0.044610
0 0.656657 0.772615 0.075977 0.026022
2 0.310058 0.643123 0.009407 0.099133
0 0.412084 0.611524 0.280029 0.013631
0 0.794501 0.538414 0.076700 0.013631
2 0.783647 0.285626 0.008683 0.363073
2 0.784370 0.346964 0.008683 0.230483
0 0.771346 0.570012 0.082489 0.009913
0 0.744935 0.614622 0.080318 0.009913
0 0.710203 0.659232 0.081766 0.009913
2 0.343705 0.332714 0.008683 0.392813
0 0.675470 0.605328 0.110709 0.013631
2 0.309334 0.865551 0.006512 0.073110
0 0.776049 0.092937 0.129522 0.017348
2 0.783647 0.392193 0.008683 0.140025
