1 0.956585 0.619579 0.056440 0.101611
2 0.585384 0.094176 0.007236 0.116481
0 0.458755 0.465304 0.076700 0.026022
1 0.574530 0.625155 0.056440 0.092937
0 0.573444 0.261462 0.081766 0.009913
2 0.112518 0.331475 0.007959 0.102850
0 0.544863 0.306072 0.082489 0.009913
2 0.146527 0.125774 0.006512 0.179678
2 0.937410 0.110905 0.005065 0.147460
0 0.209479 0.302354 0.269899 0.012392
0 0.512663 0.351301 0.086107 0.011152
2 0.938133 0.411400 0.007959 0.185874
0 0.595514 0.231722 0.075253 0.009913
2 0.113603 0.559480 0.005789 0.083024
2 0.938133 0.517968 0.010854 0.049566
0 0.511216 0.353779 0.083213 0.013631
0 0.475036 0.292441 0.106368 0.009913
2 0.115051 0.560099 0.007236 0.086741
