1 0.907742 0.621437 0.058611 0.102850
2 0.585384 0.094796 0.005789 0.117720
0 0.458394 0.464064 0.078871 0.026022
2 0.937410 0.109665 0.005065 0.147460
2 0.112518 0.561958 0.006512 0.085502
0 0.572359 0.260843 0.079595 0.008674
2 0.112518 0.331475 0.007959 0.100372
0 0.511577 0.350682 0.083936 0.009913
2 0.146527 0.125155 0.006512 0.178439
0 0.208394 0.301735 0.269175 0.013631
0 0.547757 0.306072 0.076700 0.009913
2 0.938133 0.410781 0.007959 0.184634
2 0.400507 0.516109 0.010854 0.164808
0 0.595152 0.231103 0.074530 0.008674
2 0.937771 0.521685 0.011577 0.054523
0 0.485528 0.292441 0.096961 0.009913
