1 0.758683 0.618959 0.055716 0.102850
0 0.607815 0.464064 0.079595 0.026022
2 0.550651 0.515489 0.010130 0.161090
0 0.724674 0.261462 0.081766 0.009913
2 0.263386 0.573110 0.007236 0.107807
2 0.735890 0.093556 0.005789 0.115242
0 0.365774 0.302354 0.281476 0.012392
2 0.263748 0.332094 0.007959 0.104089
0 0.055355 0.643742 0.097685 0.011152
0 0.663169 0.351301 0.084660 0.011152
2 0.295948 0.120818 0.005789 0.172243
0 0.746744 0.232962 0.076700 0.009913
2 0.734805 0.094176 0.007959 0.114002
0 0.696454 0.305452 0.078871 0.008674
2 0.548842 0.513631 0.010854 0.159851
