1 0.679088 0.618340 0.054269 0.096654
0 0.719609 0.351921 0.083213 0.009913
0 0.664616 0.462206 0.080318 0.022305
2 0.792692 0.092937 0.006512 0.114002
2 0.607091 0.488848 0.008683 0.115242
0 0.781114 0.260843 0.080318 0.008674
0 0.803184 0.232342 0.075253 0.008674
0 0.752171 0.305452 0.078871 0.008674
0 0.418234 0.301735 0.273517 0.013631
2 0.319465 0.332714 0.009407 0.102850
0 0.023155 0.674102 0.037627 0.014870
2 0.353473 0.124535 0.006512 0.174721
2 0.320550 0.574969 0.007236 0.094176
0 0.096599 0.645601 0.126628 0.009913
