1 0.614689 0.715613 0.052822 0.097893
1 0.359624 0.557001 0.044863 0.095415
1 0.599855 0.543990 0.053546 0.106568
1 0.402315 0.561338 0.052098 0.096654
1 0.270984 0.095415 0.047033 0.101611
2 0.281838 0.639405 0.010854 0.101611
0 0.419682 0.148699 0.607815 0.039653
0 0.376628 0.610905 0.272793 0.014870
2 0.755065 0.271995 0.010854 0.407683
0 0.623010 0.771995 0.086831 0.027261
0 0.742402 0.570012 0.082489 0.009913
0 0.762663 0.538414 0.073806 0.013631
0 0.716353 0.614622 0.079595 0.009913
0 0.683430 0.659232 0.081766 0.009913
1 0.182706 0.932466 0.035456 0.095415
0 0.750362 0.089839 0.118669 0.016109
2 0.315847 0.330235 0.007959 0.392813
0 0.636035 0.602850 0.134588 0.013631
0 0.747106 0.086741 0.125181 0.017348
2 0.755065 0.219331 0.009407 0.309789
2 0.281114 0.866791 0.006512 0.075589
