1 0.557164 0.561338 0.053546 0.094176
1 0.375543 0.561338 0.054993 0.099133
1 0.242764 0.112763 0.055716 0.096654
1 0.475036 0.561958 0.042692 0.092937
1 0.529305 0.091698 0.052822 0.091698
0 0.471418 0.151177 0.633140 0.042131
1 0.716715 0.550186 0.048480 0.089219
0 0.845152 0.539033 0.076700 0.014870
0 0.463459 0.611524 0.275687 0.016109
2 0.361071 0.644981 0.010130 0.095415
0 0.822359 0.570632 0.086107 0.011152
2 0.835022 0.267658 0.010130 0.394052
0 0.796310 0.614622 0.081766 0.009913
0 0.801737 0.093556 0.081042 0.016109
0 0.704414 0.602850 0.143994 0.013631
0 0.775326 0.659232 0.057164 0.009913
2 0.393632 0.329616 0.008683 0.379182
1 0.806440 0.063817 0.042692 0.058240
0 0.697902 0.769517 0.099132 0.019827
