0 0.706223 0.790582 0.076700 0.024783
1 0.044501 0.938662 0.073082 0.087980
0 0.457308 0.631351 0.270622 0.016109
0 0.476122 0.167286 0.609262 0.044610
2 0.834298 0.285626 0.010130 0.400248
0 0.844790 0.557001 0.077424 0.013631
2 0.360709 0.661090 0.009407 0.100372
0 0.730463 0.623296 0.100579 0.012392
0 0.762663 0.677819 0.081042 0.009913
0 0.794501 0.633209 0.082489 0.012392
0 0.806802 0.110285 0.088278 0.017348
0 0.821274 0.589839 0.082489 0.012392
1 0.687771 0.106568 0.052822 0.106568
2 0.395080 0.291202 0.007236 0.285006
2 0.394718 0.355019 0.007959 0.412639
1 0.793777 0.073110 0.044863 0.081784
0 0.789074 0.630731 0.071635 0.012392
