1 0.175109 0.253408 0.052098 0.092937
1 0.473951 0.417596 0.053546 0.091698
1 0.656657 0.623296 0.055716 0.096654
1 0.188133 0.628253 0.052098 0.091698
1 0.076339 0.623296 0.055716 0.101611
1 0.437771 0.244114 0.050651 0.091698
2 0.585384 0.094176 0.005789 0.116481
2 0.146527 0.127014 0.006512 0.177200
0 0.573082 0.260843 0.081042 0.008674
2 0.937410 0.110905 0.005065 0.147460
2 0.112880 0.331475 0.008683 0.100372
2 0.400507 0.506196 0.010854 0.147460
0 0.545948 0.306072 0.080318 0.009913
0 0.511939 0.350682 0.083213 0.009913
1 0.230825 0.229864 0.052098 0.045849
0 0.456223 0.467162 0.080318 0.024783
2 0.938133 0.410161 0.007959 0.185874
0 0.595514 0.232342 0.075253 0.008674
0 0.209117 0.301115 0.273517 0.014870
2 0.112156 0.568154 0.005789 0.097893
2 0.938133 0.522305 0.010854 0.055762
0 0.485528 0.292441 0.092619 0.009913
1 0.494935 0.620198 0.047757 0.078067
0 0.575253 0.260223 0.082489 0.012392
2 0.115412 0.567534 0.006512 0.096654
