1 0.377352 0.557621 0.051375 0.101611
1 0.214182 0.115242 0.053546 0.096654
1 0.925832 0.936183 0.049928 0.087980
1 0.360347 0.097893 0.053546 0.099133
0 0.695369 0.771995 0.078148 0.027261
1 0.040521 0.926270 0.070912 0.105328
1 0.436686 0.087361 0.058611 0.107807
0 0.474674 0.150558 0.626628 0.043371
0 0.833575 0.539033 0.076700 0.014870
0 0.751447 0.659232 0.081766 0.009913
2 0.383140 0.319083 0.009407 0.387856
0 0.783647 0.614622 0.081042 0.009913
0 0.810781 0.570012 0.081766 0.009913
2 0.824168 0.269517 0.010130 0.377943
0 0.445731 0.610905 0.274964 0.014870
1 0.540521 0.539653 0.040521 0.048327
2 0.349132 0.644981 0.010854 0.092937
1 0.795948 0.065056 0.034732 0.058240
0 0.694645 0.602850 0.143271 0.011152
1 0.802098 0.933705 0.031114 0.078067
1 0.448625 0.545849 0.027496 0.060719
1 0.451158 0.539033 0.034009 0.049566
