1 0.700072 0.100991 0.051375 0.100372
2 0.332127 0.643123 0.011577 0.104089
0 0.680535 0.775093 0.075977 0.026022
2 0.807887 0.273234 0.010854 0.402726
0 0.439219 0.614002 0.279305 0.013631
0 0.734805 0.662330 0.081766 0.011152
0 0.458032 0.152416 0.620839 0.044610
0 0.793777 0.573110 0.081042 0.011152
0 0.769537 0.616481 0.080318 0.008674
0 0.695731 0.607187 0.117945 0.012392
2 0.367583 0.336431 0.008683 0.407683
0 0.798119 0.091698 0.108538 0.014870
0 0.797395 0.094796 0.114327 0.013631
0 0.817294 0.540273 0.075977 0.017348
0 0.818017 0.544610 0.077424 0.016109
0 0.696454 0.604089 0.116498 0.016109
0 0.795948 0.571871 0.079595 0.011152
