1 0.479378 0.417596 0.052822 0.094176
1 0.024240 0.625774 0.041245 0.094176
1 0.649059 0.622677 0.053546 0.097893
1 0.229378 0.255266 0.053546 0.094176
1 0.532562 0.627014 0.052098 0.096654
1 0.132779 0.254647 0.055716 0.095415
1 0.327424 0.622677 0.055716 0.095415
2 0.585384 0.094176 0.005789 0.116481
1 0.811867 0.625774 0.049204 0.094176
1 0.192113 0.628872 0.051375 0.090458
2 0.937410 0.109665 0.005065 0.147460
2 0.146527 0.125774 0.006512 0.177200
2 0.400507 0.514250 0.010854 0.161090
0 0.573082 0.262082 0.082489 0.011152
0 0.459117 0.467162 0.078871 0.024783
0 0.511577 0.350062 0.086831 0.011152
1 0.858900 0.592317 0.046310 0.059480
0 0.595152 0.231722 0.075977 0.009913
2 0.938495 0.526022 0.010130 0.050805
2 0.112880 0.335192 0.008683 0.092937
0 0.545224 0.306072 0.078871 0.009913
2 0.938133 0.410781 0.007959 0.184634
0 0.206946 0.302354 0.264834 0.014870
0 0.484443 0.292441 0.100579 0.009913
1 0.326700 0.262082 0.031114 0.065675
