1 0.978292 0.627014 0.034732 0.086741
1 0.610709 0.620818 0.057887 0.104089
1 0.524602 0.254647 0.054993 0.097893
1 0.829957 0.621437 0.049204 0.097893
1 0.398698 0.250929 0.050651 0.100372
0 0.707308 0.464064 0.077424 0.026022
2 0.395441 0.123296 0.006512 0.174721
0 0.462735 0.302974 0.275687 0.016109
2 0.833936 0.094176 0.006512 0.114002
0 0.844790 0.232342 0.075977 0.008674
2 0.648336 0.513631 0.010130 0.162330
1 0.357091 0.627014 0.036903 0.094176
0 0.761216 0.352540 0.081042 0.011152
0 0.821635 0.262082 0.081766 0.011152
1 0.788350 0.627014 0.035456 0.089219
0 0.761939 0.353160 0.083936 0.014870
0 0.844428 0.230483 0.075253 0.009913
1 0.196454 0.610285 0.055716 0.060719
0 0.796310 0.305452 0.083213 0.008674
2 0.360709 0.335812 0.009407 0.099133
1 0.439580 0.255886 0.028220 0.092937
1 0.066932 0.620818 0.036903 0.104089
0 0.138205 0.645601 0.128799 0.012392
0 0.044501 0.675960 0.080318 0.016109
0 0.594067 0.672862 0.801737 0.017348
