1 0.537988 0.410781 0.054269 0.097893
1 0.334660 0.250929 0.055716 0.097893
2 0.683430 0.095415 0.006512 0.114002
2 0.497829 0.513631 0.008683 0.164808
1 0.175832 0.256506 0.052098 0.094176
1 0.317294 0.618959 0.048480 0.107807
1 0.218886 0.254647 0.044139 0.095415
0 0.313314 0.302354 0.272069 0.014870
0 0.693560 0.232342 0.075977 0.008674
2 0.243488 0.130731 0.006512 0.184634
0 0.670405 0.262082 0.083213 0.011152
0 0.556078 0.465923 0.078871 0.029740
0 0.610347 0.353160 0.078871 0.009913
2 0.209479 0.574969 0.007959 0.109046
0 0.692475 0.231103 0.073806 0.008674
1 0.426918 0.597274 0.050651 0.061958
2 0.210203 0.337670 0.009407 0.095415
0 0.647612 0.304833 0.079595 0.009913
1 0.980101 0.620818 0.036903 0.096654
0 0.027858 0.643742 0.045586 0.011152
0 0.595514 0.294300 0.109986 0.008674
0 0.517728 0.675341 0.951520 0.017348
