1 0.633140 0.625774 0.053546 0.094176
1 0.543777 0.622057 0.054269 0.101611
2 0.585384 0.094176 0.007236 0.116481
0 0.457308 0.463445 0.081042 0.024783
2 0.937410 0.109665 0.005065 0.147460
2 0.112518 0.569393 0.006512 0.102850
0 0.573444 0.261462 0.081766 0.009913
2 0.112880 0.331475 0.008683 0.100372
2 0.937771 0.397770 0.007236 0.161090
0 0.545586 0.306072 0.081042 0.009913
2 0.146527 0.126394 0.006512 0.178439
0 0.206223 0.302354 0.266281 0.012392
0 0.511939 0.350682 0.084660 0.009913
2 0.398336 0.490087 0.009407 0.115242
0 0.595514 0.231722 0.075253 0.009913
2 0.400507 0.491945 0.010854 0.118959
2 0.114327 0.570632 0.008683 0.102850
1 0.975398 0.617720 0.037627 0.100372
2 0.939580 0.402726 0.007959 0.171004
0 0.510492 0.353779 0.081766 0.013631
0 0.575253 0.260223 0.082489 0.012392
0 0.474313 0.292441 0.113603 0.009913
