1 0.825253 0.798017 0.057164 0.101611
1 0.455137 0.584263 0.053546 0.092937
1 0.977569 0.798017 0.040521 0.094176
0 0.472142 0.641264 0.080318 0.026022
1 0.242764 0.429988 0.049928 0.094176
2 0.161360 0.115242 0.007236 0.156134
1 0.489870 0.421314 0.047757 0.091698
2 0.601302 0.257745 0.008683 0.138786
2 0.127352 0.506815 0.008683 0.101611
2 0.952605 0.286245 0.006512 0.151177
0 0.612880 0.407683 0.070912 0.009913
1 0.165702 0.798017 0.054993 0.094176
0 0.228654 0.478315 0.276411 0.014870
0 0.471056 0.470880 0.136035 0.012392
1 0.148336 0.428748 0.052098 0.094176
2 0.601302 0.097274 0.008683 0.120198
2 0.160999 0.275093 0.009407 0.218092
0 0.589725 0.438042 0.085384 0.008674
2 0.126990 0.744734 0.007959 0.094176
2 0.952243 0.580545 0.007236 0.162330
0 0.538712 0.526642 0.103473 0.012392
0 0.537988 0.528501 0.103473 0.011152
2 0.161360 0.209418 0.008683 0.346964
0 0.873010 0.162330 0.149783 0.022305
