1 0.241317 0.243494 0.055716 0.105328
1 0.563314 0.623296 0.052822 0.096654
1 0.504342 0.615242 0.052098 0.097893
2 0.585022 0.094176 0.006512 0.116481
0 0.458032 0.464064 0.079595 0.026022
2 0.937410 0.109665 0.005065 0.147460
0 0.573444 0.261462 0.081766 0.009913
2 0.112518 0.563817 0.006512 0.089219
2 0.112880 0.331475 0.008683 0.100372
0 0.512301 0.351301 0.085384 0.011152
2 0.146527 0.125774 0.006512 0.177200
0 0.545948 0.306072 0.080318 0.009913
2 0.937771 0.401487 0.007236 0.166047
0 0.206585 0.301115 0.264110 0.014870
2 0.399059 0.514250 0.010854 0.156134
2 0.400507 0.510533 0.010854 0.153656
0 0.595514 0.231722 0.075253 0.009913
2 0.939580 0.403346 0.007959 0.172243
0 0.510854 0.353779 0.082489 0.013631
2 0.114327 0.566914 0.008683 0.095415
0 0.575253 0.260223 0.082489 0.012392
0 0.482634 0.292441 0.102750 0.009913
