0 0.661722 0.772615 0.075977 0.026022
0 0.800289 0.539033 0.075253 0.014870
0 0.717800 0.659232 0.082489 0.009913
0 0.438857 0.149318 0.618669 0.040892
1 0.185962 0.928748 0.046310 0.095415
0 0.414255 0.611524 0.275687 0.013631
2 0.788712 0.263941 0.010130 0.394052
0 0.776049 0.570632 0.083213 0.011152
0 0.749638 0.614622 0.082489 0.009913
0 0.778220 0.087980 0.123734 0.014870
0 0.681259 0.604089 0.109262 0.011152
1 0.122287 0.923172 0.033285 0.081784
2 0.314761 0.648699 0.008683 0.083024
2 0.350579 0.324659 0.010854 0.386617
2 0.348770 0.324659 0.010130 0.384139
2 0.787988 0.393432 0.008683 0.130112
