1 0.972504 0.625155 0.046310 0.095415
0 0.525687 0.464064 0.075977 0.026022
0 0.277858 0.300496 0.270622 0.013631
0 0.642547 0.260843 0.081042 0.008674
2 0.652677 0.093556 0.007236 0.112763
0 0.579595 0.350682 0.085384 0.012392
0 0.662808 0.232342 0.072359 0.008674
0 0.613242 0.306072 0.081766 0.009913
2 0.213097 0.125155 0.006512 0.175960
2 0.180174 0.330235 0.008683 0.102850
1 0.207308 0.613383 0.036903 0.099133
1 0.617583 0.611524 0.038350 0.097893
1 0.330680 0.624535 0.054993 0.096654
1 0.935601 0.622057 0.033285 0.101611
0 0.544139 0.292441 0.109986 0.009913
0 0.643632 0.260223 0.083213 0.012392
