1 0.265919 0.105328 0.049928 0.104089
1 0.857091 0.931227 0.052822 0.095415
1 0.223227 0.121437 0.039797 0.091698
0 0.761939 0.659851 0.082489 0.011152
0 0.705499 0.771995 0.076700 0.027261
0 0.795948 0.614622 0.082489 0.009913
2 0.361071 0.642503 0.010130 0.100372
0 0.845514 0.539033 0.075977 0.014870
2 0.395441 0.328996 0.009407 0.387856
0 0.823082 0.570012 0.086107 0.009913
0 0.721780 0.602850 0.122287 0.013631
0 0.460564 0.611524 0.274240 0.013631
2 0.836107 0.267038 0.010854 0.390335
0 0.804631 0.092317 0.088278 0.021066
0 0.480463 0.151797 0.606368 0.040892
