1 0.818379 0.622057 0.052098 0.096654
2 0.655572 0.094176 0.005789 0.114002
0 0.527858 0.463445 0.080318 0.024783
0 0.643994 0.261462 0.083936 0.009913
2 0.182344 0.330855 0.008683 0.109046
2 0.469609 0.514250 0.008683 0.166047
0 0.275326 0.301115 0.271346 0.012392
0 0.664616 0.231722 0.075977 0.009913
2 0.182706 0.571252 0.006512 0.104089
0 0.584298 0.350682 0.083213 0.012392
2 0.215991 0.127014 0.006512 0.177200
0 0.615051 0.305452 0.082489 0.008674
0 0.555716 0.292441 0.098408 0.009913
2 0.184153 0.570012 0.006512 0.101611
