1 0.855644 0.928748 0.058611 0.102850
1 0.740593 0.104089 0.054269 0.094176
1 0.090810 0.917596 0.054269 0.080545
0 0.479740 0.149318 0.622287 0.043371
2 0.834298 0.267658 0.010130 0.399009
0 0.844790 0.539033 0.077424 0.014870
0 0.704776 0.604089 0.151954 0.013631
0 0.463459 0.610905 0.272793 0.014870
0 0.794501 0.614622 0.081042 0.009913
0 0.821635 0.570012 0.084660 0.009913
0 0.808611 0.092317 0.074530 0.016109
0 0.762663 0.659232 0.078148 0.009913
2 0.360709 0.657993 0.007959 0.071871
2 0.394356 0.332094 0.007236 0.386617
0 0.706223 0.773234 0.082489 0.019827
2 0.360347 0.861834 0.007236 0.068154
