1 0.028582 0.932466 0.052822 0.097893
1 0.924747 0.934325 0.054993 0.091698
0 0.706585 0.773234 0.077424 0.027261
0 0.478654 0.151797 0.609986 0.043371
0 0.459117 0.611524 0.272793 0.013631
2 0.360709 0.644362 0.009407 0.096654
2 0.834298 0.268278 0.010130 0.397770
0 0.844790 0.539033 0.077424 0.014870
0 0.715630 0.603470 0.125904 0.012392
0 0.794139 0.614622 0.081766 0.009913
0 0.761216 0.659232 0.081042 0.009913
0 0.821635 0.569393 0.084660 0.011152
0 0.803546 0.091698 0.084660 0.017348
2 0.394718 0.330855 0.007959 0.396530
2 0.360709 0.861214 0.006512 0.066914
2 0.359986 0.864312 0.007959 0.070632
