2 0.556078 0.513011 0.009407 0.153656
2 0.741679 0.093556 0.007236 0.112763
2 0.268813 0.574349 0.006512 0.107807
0 0.614689 0.464064 0.078871 0.026022
2 0.268452 0.332094 0.008683 0.101611
0 0.668596 0.351921 0.085384 0.009913
0 0.366498 0.302354 0.278582 0.012392
0 0.700796 0.304833 0.078871 0.009913
0 0.731910 0.261462 0.081766 0.009913
0 0.751809 0.232342 0.078148 0.008674
2 0.302822 0.117100 0.006512 0.159851
0 0.057525 0.643742 0.103473 0.011152
1 0.127713 0.616481 0.051375 0.100372
0 0.731910 0.260843 0.083213 0.013631
