2 0.585384 0.094796 0.005789 0.117720
0 0.456946 0.463445 0.081766 0.024783
2 0.937410 0.109665 0.005065 0.147460
0 0.573082 0.260843 0.081042 0.008674
2 0.112518 0.331475 0.007959 0.100372
0 0.511577 0.350682 0.083936 0.009913
2 0.146527 0.124535 0.006512 0.177200
0 0.546310 0.306072 0.079595 0.009913
0 0.594790 0.232342 0.075253 0.008674
2 0.938133 0.410781 0.007959 0.184634
0 0.205861 0.301735 0.267004 0.013631
2 0.112880 0.572491 0.005789 0.106568
2 0.938133 0.522924 0.010854 0.057001
2 0.400507 0.481413 0.010854 0.097893
0 0.480825 0.292441 0.103473 0.009913
2 0.398698 0.480793 0.010130 0.096654
0 0.511939 0.353160 0.083213 0.014870
2 0.114689 0.574969 0.007959 0.111524
0 0.574891 0.260223 0.081766 0.012392
