1 0.406657 0.406444 0.054993 0.096654
1 0.167149 0.255886 0.054993 0.095415
1 0.386397 0.623296 0.056440 0.101611
1 0.751085 0.627633 0.050651 0.097893
1 0.908828 0.620198 0.059334 0.102850
2 0.146527 0.127014 0.006512 0.179678
0 0.210203 0.302354 0.264110 0.014870
2 0.586107 0.094796 0.007236 0.117720
1 0.476845 0.234201 0.053546 0.069393
0 0.512301 0.350682 0.085384 0.009913
2 0.937410 0.110285 0.005065 0.146221
0 0.459479 0.464064 0.078148 0.026022
0 0.574891 0.261462 0.083213 0.009913
0 0.595876 0.232342 0.077424 0.008674
2 0.113242 0.331475 0.007959 0.097893
2 0.400868 0.514250 0.010130 0.141264
2 0.938495 0.409542 0.007236 0.184634
2 0.111795 0.568154 0.006512 0.092937
0 0.547033 0.304833 0.079595 0.009913
0 0.480463 0.296159 0.105644 0.012392
2 0.938133 0.521066 0.010854 0.055762
0 0.480101 0.294300 0.100579 0.011152
1 0.649059 0.622677 0.054993 0.085502
