1 0.970333 0.627633 0.046310 0.092937
2 0.585745 0.094176 0.006512 0.116481
0 0.458032 0.464064 0.079595 0.026022
2 0.146527 0.125155 0.006512 0.175960
2 0.937410 0.109665 0.005065 0.147460
0 0.573444 0.261462 0.081766 0.009913
0 0.547033 0.306072 0.079595 0.009913
2 0.112880 0.570632 0.005789 0.102850
2 0.112880 0.331475 0.007236 0.100372
0 0.511216 0.350682 0.083213 0.009913
0 0.206585 0.302354 0.261216 0.012392
2 0.938133 0.411400 0.007959 0.185874
2 0.938133 0.522924 0.010854 0.054523
0 0.595514 0.232342 0.075253 0.008674
2 0.399059 0.514250 0.010854 0.163569
2 0.114689 0.572491 0.007959 0.106568
0 0.483357 0.293061 0.099855 0.008674
0 0.575253 0.260223 0.082489 0.012392
