1 0.676556 0.718092 0.053546 0.095415
1 0.198263 0.123916 0.052098 0.096654
1 0.519175 0.084882 0.054269 0.105328
1 0.251809 0.106568 0.053546 0.106568
1 0.668596 0.548947 0.049204 0.096654
1 0.865412 0.931846 0.059334 0.096654
1 0.585745 0.083643 0.052822 0.102850
0 0.695731 0.773234 0.087554 0.027261
0 0.480101 0.150558 0.620116 0.043371
2 0.389291 0.327757 0.008683 0.387856
0 0.837554 0.538414 0.075977 0.013631
0 0.816570 0.570012 0.083213 0.009913
2 0.828871 0.271995 0.010854 0.402726
0 0.790521 0.614002 0.080318 0.008674
0 0.451158 0.610285 0.277135 0.013631
0 0.756151 0.659232 0.083936 0.009913
0 0.701158 0.601611 0.150507 0.013631
1 0.471418 0.534696 0.038350 0.050805
2 0.354920 0.864312 0.006512 0.078067
0 0.803907 0.089219 0.092619 0.024783
