1 0.676556 0.723048 0.053546 0.095415
1 0.688857 0.553903 0.052098 0.099133
1 0.316208 0.104709 0.053546 0.100372
1 0.395080 0.565675 0.053546 0.092937
1 0.188857 0.115242 0.054993 0.099133
1 0.452967 0.087980 0.057887 0.104089
1 0.859986 0.931227 0.060058 0.097893
1 0.537627 0.091698 0.054993 0.096654
0 0.692475 0.773234 0.081042 0.027261
0 0.476845 0.149938 0.622287 0.042131
0 0.833213 0.539653 0.077424 0.016109
2 0.348046 0.644362 0.010130 0.101611
0 0.446454 0.611524 0.269175 0.016109
0 0.783285 0.614622 0.081766 0.009913
0 0.749638 0.659232 0.081042 0.009913
2 0.822721 0.266419 0.010130 0.396530
0 0.691389 0.604709 0.143994 0.014870
2 0.382055 0.323420 0.008683 0.389095
0 0.809696 0.570012 0.085384 0.009913
0 0.801375 0.091078 0.099132 0.016109
