1 0.476845 0.253408 0.053546 0.092937
1 0.726845 0.248451 0.052822 0.090458
1 0.382055 0.253408 0.053546 0.092937
1 0.325615 0.615861 0.053546 0.104089
1 0.745297 0.627014 0.056440 0.091698
0 0.044501 0.674721 0.077424 0.013631
0 0.762301 0.351301 0.083213 0.011152
0 0.462735 0.301115 0.274240 0.017348
1 0.553184 0.252169 0.051375 0.092937
2 0.395080 0.126394 0.005789 0.178439
2 0.361071 0.333333 0.010130 0.096654
2 0.833936 0.095415 0.006512 0.116481
0 0.139291 0.644362 0.125181 0.012392
0 0.821997 0.262082 0.081042 0.011152
0 0.844067 0.232962 0.074530 0.009913
1 0.869392 0.620818 0.054269 0.101611
1 0.227207 0.626394 0.053546 0.092937
0 0.795948 0.306072 0.085384 0.009913
0 0.730101 0.295539 0.104197 0.013631
0 0.698263 0.464064 0.096961 0.026022
1 0.055355 0.617100 0.058611 0.086741
0 0.843705 0.231103 0.075253 0.008674
0 0.592981 0.673482 0.801013 0.013631
