0 0.044863 0.674721 0.076700 0.013631
2 0.833936 0.095415 0.006512 0.116481
2 0.395080 0.126394 0.005789 0.178439
1 0.028944 0.623916 0.049204 0.092937
2 0.361071 0.331475 0.010130 0.100372
0 0.137482 0.644362 0.130246 0.012392
2 0.647974 0.514870 0.009407 0.157373
0 0.704052 0.466543 0.085384 0.028501
0 0.761939 0.354399 0.083936 0.012392
0 0.461650 0.301115 0.276411 0.014870
0 0.844790 0.232962 0.075977 0.009913
0 0.821274 0.262082 0.081042 0.011152
0 0.731910 0.294919 0.115051 0.009913
0 0.799928 0.306691 0.077424 0.011152
0 0.594067 0.673482 0.800289 0.016109
