1 0.930897 0.622677 0.057164 0.097893
1 0.620839 0.624535 0.053546 0.094176
1 0.304269 0.622677 0.047033 0.097893
1 0.187410 0.257125 0.054993 0.095415
0 0.511577 0.463445 0.078148 0.024783
0 0.600217 0.306072 0.081766 0.009913
0 0.564399 0.350062 0.085384 0.011152
1 0.477931 0.216233 0.044139 0.058240
0 0.628437 0.260223 0.081766 0.009913
0 0.263748 0.301115 0.274240 0.014870
0 0.648698 0.232342 0.074530 0.008674
2 0.639291 0.091698 0.006512 0.114002
1 0.547395 0.617100 0.052822 0.101611
2 0.166787 0.335812 0.009407 0.096654
2 0.201158 0.126394 0.010130 0.175960
2 0.994935 0.423792 0.007236 0.200743
0 0.533285 0.292441 0.101302 0.009913
