1 0.027858 0.939901 0.049928 0.092937
1 0.235166 0.125155 0.054993 0.099133
0 0.455499 0.621437 0.268452 0.013631
0 0.705861 0.782528 0.077424 0.026022
2 0.360347 0.653036 0.010130 0.096654
0 0.842981 0.550186 0.075253 0.012392
1 0.855644 0.933705 0.055716 0.097893
0 0.823444 0.579306 0.085384 0.011152
2 0.834298 0.271375 0.011577 0.406444
0 0.793777 0.622677 0.081042 0.011152
0 0.722504 0.612763 0.115051 0.011152
2 0.393271 0.340149 0.009407 0.395291
0 0.759407 0.667286 0.083213 0.013631
0 0.475760 0.159232 0.625904 0.043371
0 0.808249 0.100991 0.094067 0.018587
