1 0.698987 0.749071 0.052098 0.095415
1 0.709479 0.573730 0.052822 0.094176
1 0.247106 0.128872 0.052822 0.096654
1 0.458394 0.110905 0.052822 0.100372
1 0.503980 0.112763 0.047033 0.094176
1 0.604920 0.114002 0.043415 0.096654
1 0.805355 0.946097 0.034732 0.075589
0 0.431983 0.631970 0.270622 0.014870
0 0.676194 0.794300 0.077424 0.024783
0 0.446454 0.169765 0.613603 0.039653
2 0.331042 0.664808 0.009407 0.095415
1 0.778582 0.075589 0.053546 0.081784
0 0.793415 0.591078 0.081766 0.009913
0 0.796310 0.110285 0.117945 0.017348
0 0.765919 0.635068 0.080318 0.008674
0 0.814761 0.560719 0.076700 0.013631
2 0.804993 0.286865 0.010854 0.400248
2 0.363965 0.353160 0.008683 0.406444
1 0.483719 0.557001 0.048480 0.043371
0 0.732996 0.680297 0.081042 0.009913
0 0.692113 0.623916 0.119392 0.013631
1 0.009407 0.952912 0.017366 0.086741
2 0.331404 0.875465 0.007236 0.055762
