1 0.813314 0.627633 0.053546 0.090458
1 0.282200 0.251549 0.053546 0.099133
1 0.452967 0.410161 0.054993 0.099133
1 0.205499 0.250929 0.044863 0.097893
2 0.621201 0.094176 0.006512 0.114002
2 0.182344 0.123916 0.007236 0.173482
0 0.239870 0.303594 0.282923 0.014870
1 0.163531 0.255266 0.041968 0.094176
0 0.613965 0.260843 0.080318 0.011152
1 0.259768 0.628872 0.062229 0.095415
0 0.633140 0.232342 0.075253 0.008674
0 0.494935 0.465304 0.076700 0.028501
0 0.548842 0.353160 0.083213 0.009913
2 0.435962 0.515489 0.007959 0.138786
1 0.070188 0.625774 0.039074 0.091698
1 0.514472 0.229244 0.050651 0.049566
0 0.584298 0.305452 0.075977 0.008674
2 0.150868 0.334572 0.010854 0.096654
1 0.385311 0.624535 0.035456 0.094176
1 0.113965 0.620818 0.060058 0.104089
0 0.507598 0.293680 0.109262 0.012392
2 0.974674 0.411400 0.004342 0.178439
2 0.975036 0.523544 0.009407 0.043371
2 0.974674 0.167906 0.004342 0.040892
2 0.149783 0.571252 0.007236 0.104089
0 0.500000 0.674102 0.988423 0.014870
