1 0.353111 0.254027 0.054993 0.094176
1 0.053184 0.620198 0.055716 0.102850
1 0.720695 0.416976 0.054993 0.090458
1 0.420767 0.628253 0.052822 0.091698
1 0.507959 0.254027 0.054993 0.096654
1 0.366136 0.623296 0.050651 0.099133
1 0.743849 0.628253 0.052098 0.089219
0 0.043777 0.676580 0.077424 0.012392
2 0.648336 0.512392 0.010130 0.157373
0 0.795948 0.304833 0.078148 0.009913
0 0.845876 0.232342 0.075253 0.008674
0 0.759045 0.350062 0.088278 0.008674
0 0.704776 0.468401 0.083936 0.022305
0 0.823806 0.260843 0.078871 0.008674
0 0.457670 0.301735 0.275687 0.013631
2 0.394718 0.127633 0.006512 0.178439
2 0.361433 0.337670 0.010854 0.097893
1 0.761939 0.247212 0.037627 0.095415
2 0.833936 0.092317 0.006512 0.112763
2 0.395441 0.128253 0.006512 0.182156
0 0.137844 0.645601 0.125181 0.009913
1 0.881331 0.621437 0.037627 0.097893
0 0.730825 0.293680 0.107091 0.009913
0 0.139291 0.643123 0.122287 0.009913
0 0.759045 0.301735 0.150507 0.011152
