1 0.350579 0.560099 0.061505 0.099133
1 0.670405 0.545229 0.055716 0.106568
1 0.210926 0.120818 0.055716 0.092937
0 0.685601 0.772615 0.077424 0.026022
1 0.169320 0.927509 0.053546 0.102850
1 0.630246 0.691450 0.053546 0.081784
0 0.463821 0.151177 0.625181 0.042131
0 0.743126 0.659851 0.081042 0.011152
0 0.824168 0.538414 0.075253 0.013631
0 0.801375 0.570012 0.083213 0.009913
0 0.445369 0.611524 0.280029 0.013631
2 0.815485 0.269517 0.010130 0.402726
2 0.341534 0.645601 0.010130 0.089219
0 0.776773 0.614622 0.080318 0.009913
1 0.982634 0.931846 0.033285 0.099133
0 0.800289 0.089839 0.112880 0.016109
0 0.706946 0.602850 0.109986 0.013631
0 0.693922 0.604089 0.146165 0.016109
0 0.685962 0.601611 0.192475 0.013631
2 0.341172 0.864932 0.006512 0.074349
2 0.375904 0.333333 0.009407 0.394052
