1 0.298119 0.565056 0.053546 0.106568
0 0.591534 0.788104 0.075977 0.029740
0 0.729740 0.555143 0.074530 0.012392
1 0.821997 0.944857 0.050651 0.075589
0 0.647612 0.675341 0.085384 0.012392
2 0.244935 0.657993 0.010854 0.099133
0 0.330680 0.625155 0.247467 0.016109
2 0.719609 0.278191 0.010854 0.407683
0 0.959479 0.309789 0.076700 0.024783
0 0.708032 0.582404 0.086107 0.014870
0 0.703690 0.107187 0.112156 0.018587
0 0.615774 0.618959 0.098408 0.011152
2 0.279305 0.341388 0.008683 0.392813
0 0.679812 0.631351 0.081766 0.016109
0 0.712012 0.103470 0.128799 0.018587
0 0.385311 0.161090 0.585384 0.037175
0 0.617583 0.622677 0.097685 0.011152
1 0.750362 0.066914 0.030391 0.069393
0 0.707670 0.587361 0.082489 0.017348
