1 0.341896 0.107187 0.054269 0.095415
1 0.712373 0.724287 0.054269 0.095415
1 0.849855 0.932466 0.057164 0.095415
1 0.209841 0.121437 0.054993 0.094176
1 0.931621 0.931227 0.054269 0.095415
1 0.361795 0.565675 0.053546 0.092937
0 0.471780 0.151177 0.636758 0.042131
1 0.017004 0.928748 0.031114 0.102850
0 0.687410 0.773854 0.076700 0.026022
2 0.341172 0.643742 0.010854 0.095415
0 0.825615 0.539033 0.075253 0.014870
0 0.439580 0.612144 0.272793 0.014870
0 0.801013 0.570012 0.083936 0.009913
0 0.742041 0.659232 0.083213 0.009913
0 0.775326 0.614622 0.081766 0.009913
2 0.814399 0.382900 0.007959 0.151177
0 0.703329 0.602230 0.117221 0.009913
1 0.576339 0.084882 0.038350 0.095415
2 0.814761 0.359975 0.007236 0.192069
2 0.376628 0.324659 0.009407 0.384139
