1 0.547757 0.733581 0.053546 0.096654
1 0.976483 0.941140 0.042692 0.080545
1 0.455499 0.582404 0.048480 0.096654
1 0.332851 0.577447 0.053546 0.096654
1 0.214906 0.112144 0.037627 0.100372
0 0.590810 0.792441 0.078871 0.026022
0 0.397974 0.167286 0.600579 0.042131
1 0.884226 0.944238 0.052098 0.079306
0 0.678365 0.633209 0.083213 0.012392
1 0.650507 0.120198 0.049204 0.094176
0 0.343343 0.630731 0.271346 0.017348
2 0.244573 0.660471 0.010130 0.101611
2 0.279305 0.347584 0.008683 0.392813
0 0.707308 0.590458 0.081766 0.011152
1 0.491679 0.586741 0.035456 0.090458
0 0.646889 0.679678 0.081042 0.011152
2 0.719609 0.293680 0.010854 0.411400
0 0.958032 0.313507 0.081042 0.019827
0 0.730101 0.559480 0.073806 0.013631
1 0.694284 0.073110 0.036903 0.079306
0 0.618307 0.623296 0.090449 0.012392
0 0.594790 0.622677 0.131693 0.011152
0 0.724313 0.106568 0.099855 0.017348
2 0.718524 0.410161 0.008683 0.141264
2 0.719971 0.227385 0.008683 0.271375
2 0.279305 0.392193 0.007236 0.306072
0 0.344428 0.632590 0.287988 0.016109
