0 0.044501 0.674721 0.077424 0.013631
1 0.399059 0.624535 0.054269 0.099133
0 0.707308 0.464684 0.075977 0.027261
2 0.833936 0.094796 0.006512 0.112763
2 0.395441 0.126394 0.006512 0.183395
0 0.823806 0.262701 0.086107 0.012392
2 0.648336 0.513631 0.010130 0.162330
2 0.361071 0.333333 0.010130 0.099133
0 0.461288 0.301115 0.284370 0.012392
0 0.844067 0.231103 0.074530 0.008674
0 0.761216 0.353779 0.079595 0.011152
0 0.136758 0.644362 0.124457 0.012392
2 0.362518 0.572491 0.005789 0.079306
1 0.451158 0.579306 0.049928 0.028501
