1 0.192475 0.119579 0.053546 0.097893
0 0.724313 0.659851 0.083936 0.011152
0 0.759045 0.614002 0.081042 0.008674
2 0.798480 0.263321 0.010854 0.390335
0 0.659913 0.773234 0.099855 0.027261
0 0.787627 0.570012 0.084660 0.009913
0 0.417873 0.610905 0.281476 0.014870
1 0.230825 0.109046 0.030391 0.084263
0 0.807887 0.539033 0.077424 0.014870
2 0.358177 0.329616 0.008683 0.401487
2 0.323806 0.641264 0.010854 0.102850
0 0.696454 0.602850 0.091896 0.013631
0 0.786903 0.090458 0.123734 0.014870
0 0.445369 0.150558 0.601302 0.040892
