1 0.675470 0.623916 0.055716 0.100372
1 0.745658 0.618959 0.054269 0.105328
2 0.296310 0.574349 0.006512 0.107807
1 0.357815 0.617100 0.049928 0.104089
0 0.643632 0.464684 0.077424 0.027261
2 0.770622 0.094176 0.005789 0.111524
0 0.393271 0.302354 0.268452 0.012392
2 0.297395 0.333333 0.008683 0.101611
0 0.781114 0.232962 0.074530 0.009913
0 0.759768 0.260843 0.081042 0.008674
2 0.331404 0.122677 0.005789 0.173482
2 0.585384 0.513631 0.008683 0.164808
0 0.696454 0.352540 0.081766 0.011152
0 0.069826 0.643742 0.119392 0.011152
1 0.408466 0.622057 0.031114 0.089219
0 0.735528 0.305452 0.075977 0.006196
0 0.669320 0.294300 0.102750 0.011152
