1 0.154848 0.122677 0.053546 0.096654
1 0.595152 0.721190 0.054269 0.094176
1 0.281476 0.566295 0.054993 0.096654
1 0.320188 0.099133 0.044139 0.099133
1 0.620478 0.552664 0.045586 0.096654
0 0.623734 0.775713 0.088278 0.027261
2 0.283647 0.649318 0.010130 0.091698
1 0.806440 0.932466 0.041245 0.095415
0 0.744573 0.573730 0.082489 0.009913
2 0.757236 0.274473 0.009407 0.405204
1 0.413169 0.555143 0.060781 0.099133
0 0.384949 0.612763 0.282200 0.016109
0 0.423661 0.149318 0.646165 0.040892
0 0.684877 0.661710 0.080318 0.009913
1 0.397974 0.553903 0.030391 0.096654
0 0.719247 0.616481 0.079595 0.008674
0 0.979740 0.293680 0.039074 0.014870
0 0.748191 0.091078 0.125904 0.016109
0 0.629522 0.601611 0.163531 0.011152
2 0.316932 0.339529 0.008683 0.411400
0 0.767004 0.540273 0.075253 0.017348
0 0.647974 0.604089 0.096237 0.011152
0 0.649421 0.606568 0.094790 0.011152
0 0.631331 0.602850 0.125181 0.011152
0 0.064038 0.956629 0.122287 0.014870
0 0.748553 0.094796 0.126628 0.016109
0 0.747467 0.087361 0.127352 0.018587
0 0.455861 0.152416 0.507959 0.039653
