0 0.605282 0.794300 0.077424 0.027261
0 0.359624 0.632590 0.277858 0.013631
0 0.722142 0.591698 0.085384 0.011152
0 0.693198 0.635068 0.082489 0.011152
2 0.260854 0.662949 0.009407 0.101611
0 0.965991 0.312887 0.062229 0.018587
0 0.744211 0.560719 0.075977 0.011152
0 0.396889 0.167286 0.601302 0.039653
0 0.660999 0.680297 0.081766 0.009913
2 0.734443 0.286865 0.011577 0.397770
1 0.838640 0.944857 0.049204 0.075589
0 0.624096 0.623916 0.109262 0.013631
2 0.293777 0.346344 0.008683 0.405204
2 0.261216 0.874845 0.005789 0.054523
0 0.710564 0.112144 0.089725 0.018587
