1 0.045948 0.942999 0.052822 0.081784
0 0.705861 0.791822 0.078871 0.024783
0 0.845514 0.558240 0.075977 0.013631
0 0.822359 0.589839 0.084660 0.012392
0 0.464182 0.164808 0.604197 0.042131
0 0.794863 0.633829 0.083213 0.011152
0 0.761939 0.679058 0.083936 0.009913
2 0.361071 0.659232 0.010130 0.099133
0 0.808249 0.108426 0.086831 0.018587
2 0.834660 0.283147 0.010854 0.387856
2 0.393994 0.350682 0.009407 0.403965
0 0.459117 0.630731 0.274240 0.017348
0 0.729016 0.622057 0.107815 0.012392
0 0.458394 0.630731 0.280029 0.012392
