1 0.180174 0.242255 0.054993 0.102850
1 0.599493 0.627633 0.052822 0.092937
1 0.920405 0.620198 0.059334 0.100372
2 0.585384 0.094176 0.007236 0.116481
0 0.458755 0.464064 0.078148 0.026022
2 0.937410 0.109665 0.005065 0.147460
0 0.573444 0.261462 0.081766 0.009913
2 0.112880 0.569393 0.005789 0.100372
2 0.145441 0.125774 0.005789 0.179678
0 0.544863 0.306072 0.082489 0.009913
0 0.512663 0.350062 0.083213 0.011152
2 0.112880 0.333333 0.008683 0.099133
0 0.210564 0.301735 0.269175 0.013631
2 0.938133 0.412639 0.007959 0.188352
0 0.595514 0.231722 0.075253 0.009913
2 0.938133 0.527261 0.010854 0.045849
0 0.478654 0.293061 0.107815 0.011152
2 0.114689 0.570632 0.007959 0.102850
1 0.429088 0.623296 0.050651 0.091698
0 0.575615 0.260843 0.083213 0.013631
