1 0.224313 0.254027 0.043415 0.086741
1 0.133502 0.252788 0.054269 0.089219
2 0.585384 0.094176 0.005789 0.116481
0 0.458032 0.464064 0.079595 0.026022
1 0.848046 0.615861 0.050651 0.099133
2 0.937410 0.109665 0.005065 0.147460
0 0.573082 0.260843 0.081042 0.008674
2 0.146527 0.127633 0.006512 0.178439
0 0.512301 0.350682 0.082489 0.009913
2 0.112518 0.571252 0.006512 0.099133
2 0.112880 0.332714 0.008683 0.095415
0 0.545586 0.306072 0.079595 0.009913
1 0.774964 0.626394 0.046310 0.092937
1 0.907742 0.621437 0.062952 0.105328
2 0.938133 0.410781 0.007959 0.184634
2 0.400145 0.515489 0.011577 0.163569
0 0.210564 0.300496 0.274964 0.013631
0 0.595152 0.232342 0.074530 0.008674
2 0.938133 0.522305 0.010854 0.055762
0 0.482634 0.293680 0.098408 0.009913
1 0.303546 0.242875 0.034009 0.071871
1 0.479016 0.230483 0.054993 0.047088
