1 0.782923 0.334572 0.053546 0.091698
1 0.526411 0.376704 0.052822 0.099133
1 0.183068 0.413879 0.054993 0.099133
1 0.721418 0.384758 0.053546 0.097893
2 0.834298 0.551425 0.010130 0.401487
1 0.524240 0.843866 0.028220 0.096654
0 0.823806 0.854399 0.083213 0.011152
0 0.492402 0.431846 0.662084 0.043371
0 0.843705 0.825279 0.076700 0.012392
2 0.393632 0.625774 0.008683 0.366791
0 0.831042 0.372986 0.116498 0.019827
0 0.830680 0.376704 0.118669 0.019827
0 0.492041 0.428748 0.604920 0.032218
2 0.756512 0.262082 0.007959 0.090458
