1 0.645441 0.401487 0.054993 0.096654
1 0.974313 0.615242 0.041245 0.107807
1 0.028220 0.620198 0.047757 0.105328
0 0.043415 0.674721 0.078148 0.016109
0 0.708394 0.463445 0.076700 0.027261
0 0.762301 0.351921 0.083213 0.012392
1 0.430535 0.252169 0.031838 0.095415
1 0.566570 0.624535 0.056440 0.099133
2 0.648336 0.517968 0.010130 0.153656
2 0.833936 0.094796 0.006512 0.115242
0 0.462012 0.301735 0.269899 0.016109
0 0.137482 0.644362 0.125904 0.012392
2 0.361071 0.335192 0.010130 0.100372
0 0.845876 0.232962 0.075253 0.009913
1 0.398698 0.249690 0.053546 0.097893
1 0.503980 0.624535 0.034009 0.086741
2 0.395080 0.122057 0.005789 0.177200
0 0.821635 0.262701 0.081766 0.012392
0 0.730463 0.294300 0.129522 0.011152
1 0.227207 0.629492 0.052098 0.089219
0 0.593705 0.674721 0.801013 0.013631
