1 0.818017 0.614622 0.058611 0.109046
2 0.146527 0.128253 0.006512 0.174721
1 0.133502 0.256506 0.055716 0.091698
0 0.577062 0.263321 0.083213 0.013631
0 0.459117 0.465923 0.075977 0.029740
2 0.586469 0.096035 0.006512 0.115242
0 0.210926 0.302354 0.272793 0.014870
0 0.596599 0.231103 0.074530 0.008674
2 0.938133 0.522924 0.010854 0.054523
2 0.937771 0.112763 0.004342 0.148699
2 0.112156 0.565675 0.005789 0.102850
2 0.113965 0.335812 0.009407 0.091698
2 0.113965 0.570012 0.009407 0.099133
2 0.585022 0.096654 0.007959 0.116481
2 0.939219 0.418835 0.008683 0.200743
0 0.480825 0.293061 0.100579 0.011152
0 0.514110 0.352540 0.084660 0.013631
0 0.547033 0.306691 0.083936 0.013631
0 0.500000 0.675341 0.988423 0.019827
