1 0.667873 0.261462 0.053546 0.099133
1 0.026773 0.641264 0.047757 0.100372
1 0.477207 0.273234 0.055716 0.100372
1 0.243126 0.648699 0.053546 0.095415
1 0.744573 0.650558 0.053546 0.086741
1 0.382055 0.278810 0.054993 0.091698
1 0.559696 0.278810 0.052822 0.091698
0 0.707308 0.486989 0.075977 0.027261
1 0.584660 0.638786 0.053546 0.100372
0 0.462735 0.325279 0.274240 0.016109
2 0.395441 0.137546 0.006512 0.203222
2 0.833936 0.103470 0.006512 0.132590
0 0.138205 0.666667 0.131693 0.012392
0 0.044501 0.697026 0.078871 0.013631
0 0.763025 0.372986 0.083213 0.009913
2 0.360347 0.591078 0.007236 0.099133
2 0.361433 0.350682 0.010854 0.081784
0 0.760492 0.374845 0.082489 0.013631
0 0.728654 0.315985 0.086831 0.012392
0 0.853111 0.250310 0.065123 0.007435
0 0.587192 0.695167 0.746020 0.014870
