1 0.343343 0.565056 0.052822 0.089219
1 0.686324 0.557621 0.052822 0.094176
1 0.261577 0.102850 0.052822 0.101611
1 0.604559 0.697646 0.052822 0.094176
1 0.580680 0.534077 0.049928 0.076828
1 0.299204 0.104709 0.026773 0.100372
1 0.192113 0.122057 0.055716 0.092937
0 0.757236 0.614622 0.080318 0.009913
2 0.795586 0.390954 0.007959 0.137546
0 0.785818 0.570012 0.085384 0.009913
0 0.722142 0.659851 0.082489 0.011152
0 0.806440 0.539033 0.075977 0.014870
2 0.323444 0.646221 0.010130 0.095415
0 0.680897 0.603470 0.124457 0.014870
1 0.468524 0.538414 0.035456 0.065675
0 0.418958 0.612144 0.266281 0.014870
0 0.666787 0.773854 0.083213 0.026022
2 0.356368 0.236679 0.007959 0.193309
0 0.682706 0.607187 0.115051 0.014870
2 0.797395 0.203222 0.008683 0.280050
2 0.356729 0.437423 0.007236 0.173482
0 0.786541 0.090458 0.123010 0.019827
0 0.445369 0.152416 0.604197 0.042131
