1 0.223951 0.107187 0.049928 0.105328
1 0.042692 0.936183 0.049204 0.080545
0 0.568741 0.787485 0.076700 0.028501
2 0.696816 0.293061 0.010130 0.390335
2 0.222504 0.656134 0.009407 0.100372
0 0.707308 0.554523 0.075977 0.011152
0 0.312952 0.625155 0.259768 0.016109
0 0.946816 0.307931 0.099132 0.023544
0 0.594428 0.618959 0.099132 0.011152
2 0.256874 0.342007 0.008683 0.399009
0 0.624819 0.675341 0.084660 0.012392
0 0.662446 0.628872 0.081766 0.011152
0 0.367221 0.160471 0.547757 0.038414
0 0.689580 0.107187 0.128799 0.016109
0 0.687771 0.103470 0.126628 0.016109
0 0.686686 0.583024 0.082489 0.016109
0 0.658466 0.631351 0.081042 0.016109
2 0.696454 0.366171 0.009407 0.226766
2 0.222504 0.872986 0.007959 0.063197
