1 0.425832 0.249690 0.055716 0.097893
0 0.707308 0.464064 0.077424 0.026022
2 0.395803 0.128253 0.005789 0.182156
0 0.045948 0.674102 0.080318 0.014870
1 0.328148 0.255266 0.054269 0.094176
2 0.833936 0.094796 0.006512 0.112763
0 0.845152 0.232342 0.075253 0.008674
0 0.467800 0.302354 0.269899 0.014870
2 0.648336 0.514250 0.010130 0.161090
0 0.761216 0.352540 0.081042 0.011152
0 0.821635 0.262082 0.081766 0.011152
0 0.137120 0.646221 0.126628 0.008674
2 0.361433 0.571252 0.005065 0.091698
0 0.844067 0.231103 0.074530 0.008674
0 0.797757 0.305452 0.080318 0.008674
2 0.360709 0.572491 0.009407 0.094176
0 0.593705 0.672862 0.799566 0.014870
