1 0.973589 0.627014 0.042692 0.091698
1 0.912446 0.623916 0.057887 0.100372
0 0.529305 0.464684 0.077424 0.024783
0 0.644718 0.260223 0.081042 0.009913
0 0.667873 0.232342 0.075253 0.008674
2 0.656657 0.091698 0.006512 0.111524
0 0.617221 0.304833 0.085384 0.009913
0 0.583936 0.350682 0.083936 0.012392
2 0.218162 0.125155 0.006512 0.175960
2 0.183430 0.331475 0.007959 0.105328
0 0.281476 0.302354 0.273517 0.012392
2 0.184515 0.566914 0.007236 0.095415
0 0.550651 0.292441 0.107091 0.009913
0 0.546671 0.294300 0.115051 0.011152
