1 0.251085 0.625155 0.054993 0.095415
1 0.777496 0.626394 0.052822 0.092937
2 0.400868 0.507435 0.010130 0.149938
1 0.260130 0.250310 0.055716 0.099133
1 0.876266 0.617720 0.059334 0.105328
1 0.133502 0.255266 0.055716 0.091698
2 0.146527 0.128253 0.006512 0.174721
0 0.459117 0.464684 0.078871 0.027261
0 0.573806 0.261462 0.076700 0.009913
1 0.620116 0.623296 0.059334 0.099133
2 0.113965 0.570012 0.009407 0.101611
2 0.938133 0.522924 0.010854 0.057001
2 0.586469 0.095415 0.006512 0.114002
0 0.208394 0.301735 0.277858 0.016109
0 0.596237 0.231103 0.075253 0.008674
1 0.408466 0.211896 0.048480 0.057001
2 0.937771 0.112763 0.004342 0.148699
2 0.113965 0.334572 0.009407 0.094176
2 0.112518 0.566295 0.006512 0.101611
2 0.585022 0.096035 0.007959 0.115242
0 0.481910 0.293061 0.098408 0.011152
2 0.939219 0.419455 0.008683 0.201983
0 0.512301 0.351301 0.081042 0.011152
0 0.514110 0.353160 0.081766 0.014870
0 0.547033 0.306691 0.082489 0.011152
0 0.499638 0.674721 0.987699 0.016109
