1 0.318017 0.256506 0.052822 0.094176
1 0.215268 0.620198 0.055716 0.100372
1 0.225036 0.250929 0.054993 0.095415
1 0.564038 0.410781 0.054269 0.092937
2 0.672576 0.094796 0.007959 0.112763
2 0.233357 0.125155 0.006512 0.171004
0 0.299204 0.302974 0.277135 0.016109
0 0.597685 0.349442 0.088278 0.009913
2 0.488061 0.514250 0.010854 0.148699
1 0.664616 0.621437 0.042692 0.095415
1 0.494211 0.213755 0.047757 0.050805
0 0.663169 0.261462 0.081766 0.009913
2 0.201158 0.332094 0.010130 0.099133
2 0.486252 0.515489 0.010130 0.148699
0 0.683430 0.232962 0.077424 0.009913
1 0.592619 0.612144 0.039074 0.099133
0 0.544501 0.462206 0.087554 0.017348
0 0.565123 0.292441 0.108538 0.009913
1 0.982996 0.622677 0.032562 0.100372
0 0.634226 0.305452 0.081766 0.008674
0 0.512663 0.678439 0.961650 0.023544
