1 0.027858 0.931227 0.051375 0.097893
1 0.746020 0.099133 0.054993 0.099133
1 0.916425 0.931846 0.068741 0.099133
0 0.480825 0.150558 0.614327 0.043371
0 0.701881 0.771375 0.085384 0.023544
2 0.834298 0.268897 0.010130 0.396530
0 0.844790 0.539033 0.077424 0.014870
2 0.359986 0.646221 0.009407 0.092937
0 0.697902 0.603470 0.159913 0.012392
0 0.793777 0.614622 0.082489 0.009913
0 0.821635 0.569393 0.084660 0.011152
0 0.760854 0.659232 0.081766 0.009913
0 0.457670 0.611524 0.282923 0.013631
0 0.808973 0.092317 0.069465 0.016109
2 0.394718 0.330235 0.007959 0.390335
2 0.361071 0.861214 0.007236 0.069393
1 0.345514 0.537794 0.042692 0.076828
