1 0.851664 0.618340 0.056440 0.104089
1 0.599493 0.628872 0.052822 0.090458
2 0.585384 0.094176 0.007236 0.116481
0 0.456946 0.462206 0.081766 0.022305
2 0.937410 0.109665 0.005065 0.147460
0 0.573444 0.261462 0.081766 0.009913
0 0.545224 0.306072 0.081766 0.009913
2 0.113242 0.564436 0.006512 0.090458
2 0.146527 0.125774 0.006512 0.177200
0 0.511939 0.350062 0.084660 0.011152
2 0.112518 0.332094 0.007959 0.099133
0 0.211288 0.301115 0.263386 0.012392
2 0.938133 0.412639 0.007959 0.188352
0 0.595514 0.231722 0.075253 0.009913
2 0.114689 0.565056 0.007959 0.091698
2 0.938495 0.526022 0.010130 0.048327
0 0.477569 0.292441 0.108538 0.009913
1 0.452243 0.615861 0.037627 0.094176
2 0.938495 0.543990 0.010130 0.034696
0 0.575253 0.260843 0.082489 0.013631
