1 0.725760 0.619579 0.057887 0.101611
1 0.244935 0.250310 0.051375 0.094176
1 0.076339 0.621437 0.054269 0.100372
1 0.147612 0.626394 0.047757 0.092937
2 0.585384 0.094796 0.005789 0.117720
0 0.457670 0.464064 0.078871 0.026022
0 0.573082 0.260843 0.081042 0.008674
2 0.112518 0.331475 0.007959 0.100372
2 0.146527 0.125774 0.006512 0.177200
2 0.937410 0.110285 0.005065 0.146221
0 0.511939 0.350682 0.084660 0.009913
0 0.545586 0.306072 0.079595 0.009913
2 0.400507 0.514870 0.010854 0.162330
0 0.209841 0.301115 0.264834 0.014870
2 0.937771 0.411400 0.008683 0.183395
0 0.595514 0.232342 0.075253 0.008674
2 0.938133 0.522305 0.010854 0.055762
2 0.112156 0.564436 0.005789 0.095415
0 0.511577 0.353160 0.082489 0.014870
0 0.575253 0.260223 0.082489 0.012392
