1 0.027135 0.615242 0.044139 0.102850
1 0.153401 0.628253 0.053546 0.091698
1 0.230463 0.628872 0.052822 0.090458
1 0.082851 0.281289 0.045586 0.042131
1 0.263025 0.226766 0.054269 0.039653
1 0.493126 0.224907 0.054269 0.058240
1 0.443560 0.413879 0.054993 0.091698
1 0.833213 0.621437 0.054269 0.095415
1 0.912808 0.620818 0.060058 0.101611
2 0.149421 0.126394 0.006512 0.175960
2 0.116136 0.332714 0.007959 0.100372
2 0.116136 0.570632 0.006512 0.100372
2 0.403039 0.507435 0.007236 0.147460
2 0.588640 0.094796 0.005065 0.115242
2 0.940304 0.112144 0.003618 0.149938
2 0.940304 0.411400 0.003618 0.180917
2 0.941027 0.521685 0.009407 0.039653
0 0.215268 0.301735 0.275687 0.013631
0 0.492402 0.295539 0.090449 0.008674
0 0.599132 0.231722 0.075253 0.007435
0 0.579595 0.262701 0.082489 0.007435
0 0.549204 0.305452 0.081042 0.008674
0 0.517366 0.351921 0.082489 0.007435
0 0.499638 0.672862 0.987699 0.012392
0 0.479016 0.465304 0.044863 0.026022
