0 0.691027 0.783767 0.079595 0.026022
0 0.830318 0.551425 0.074530 0.012392
0 0.807525 0.580545 0.082489 0.011152
1 0.986614 0.944857 0.025326 0.083024
2 0.346237 0.651177 0.010854 0.102850
0 0.443560 0.620818 0.273517 0.014870
2 0.819465 0.276332 0.012301 0.411400
2 0.379522 0.336431 0.009407 0.385378
0 0.465630 0.160471 0.614327 0.040892
0 0.718524 0.614622 0.095514 0.012392
0 0.779667 0.623296 0.080318 0.012392
0 0.746744 0.673482 0.083936 0.016109
0 0.802460 0.100372 0.109986 0.019827
0 0.746020 0.668525 0.081042 0.016109
0 0.741317 0.622057 0.141100 0.012392
