1 0.684153 0.713135 0.052822 0.097893
1 0.160275 0.123296 0.055716 0.095415
1 0.849855 0.929368 0.060058 0.101611
1 0.030391 0.931846 0.052098 0.096654
0 0.671129 0.772615 0.080318 0.026022
1 0.346599 0.563197 0.050651 0.090458
1 0.187048 0.936803 0.044139 0.091698
0 0.809334 0.539033 0.075977 0.014870
0 0.426918 0.612144 0.276411 0.012392
1 0.481910 0.534077 0.040521 0.074349
0 0.449349 0.150558 0.609262 0.040892
0 0.760492 0.614622 0.081042 0.009913
0 0.732272 0.659851 0.068017 0.011152
1 0.527496 0.538414 0.041968 0.073110
0 0.787265 0.570012 0.083936 0.009913
2 0.358900 0.324040 0.007236 0.395291
2 0.326339 0.644981 0.008683 0.092937
0 0.688495 0.602230 0.120839 0.009913
2 0.798480 0.301735 0.010854 0.311029
