1 0.092258 0.582404 0.054269 0.096654
1 0.736975 0.495663 0.054269 0.099133
1 0.265195 0.560099 0.060058 0.101611
1 0.380970 0.542751 0.055716 0.104089
2 0.696816 0.739777 0.011577 0.426270
2 0.256874 0.752169 0.008683 0.317224
2 0.256874 0.794300 0.010130 0.411400
0 0.945369 0.754027 0.096237 0.021066
0 0.365051 0.598513 0.620116 0.017348
0 0.365774 0.604089 0.621563 0.028501
0 0.330318 0.608426 0.582489 0.039653
0 0.684877 0.553284 0.116498 0.018587
0 0.685601 0.548947 0.120839 0.019827
0 0.922576 0.272615 0.143271 0.022305
2 0.257959 0.718092 0.007959 0.244114
