1 0.027496 0.932466 0.049204 0.100372
0 0.823082 0.574349 0.083213 0.011152
0 0.760854 0.664188 0.086107 0.012392
2 0.361433 0.644981 0.009407 0.100372
0 0.708394 0.775713 0.075253 0.027261
0 0.796310 0.617100 0.081766 0.009913
2 0.835745 0.269517 0.011577 0.390335
0 0.724313 0.606568 0.118669 0.013631
0 0.844790 0.546468 0.077424 0.014870
1 0.685239 0.101611 0.053546 0.099133
0 0.455499 0.614002 0.269899 0.016109
2 0.395080 0.332714 0.007236 0.392813
0 0.806078 0.092937 0.086831 0.017348
0 0.480825 0.154275 0.604197 0.043371
