1 0.544501 0.622057 0.055716 0.104089
1 0.663893 0.623296 0.035456 0.091698
2 0.585384 0.094176 0.007236 0.116481
0 0.456946 0.464064 0.078871 0.026022
2 0.937410 0.109665 0.005065 0.147460
0 0.573444 0.261462 0.081766 0.009913
2 0.112880 0.331475 0.008683 0.100372
0 0.512663 0.351301 0.083213 0.011152
2 0.112518 0.571252 0.006512 0.104089
2 0.146527 0.125774 0.006512 0.179678
0 0.545948 0.306072 0.080318 0.009913
0 0.207670 0.302354 0.269175 0.012392
2 0.400507 0.502478 0.010854 0.140025
2 0.938133 0.411400 0.007959 0.185874
0 0.595514 0.231722 0.075253 0.009913
2 0.398698 0.509294 0.010130 0.151177
2 0.938133 0.522305 0.010854 0.055762
2 0.114327 0.574349 0.008683 0.110285
0 0.512663 0.353160 0.083213 0.014870
0 0.485528 0.293061 0.098408 0.011152
0 0.575253 0.260223 0.082489 0.012392
