1 0.855282 0.933705 0.050651 0.097893
2 0.271346 0.647460 0.010130 0.102850
0 0.755427 0.547708 0.075253 0.012392
0 0.616860 0.779430 0.077424 0.027261
0 0.734805 0.578067 0.084660 0.011152
0 0.672576 0.666667 0.083213 0.012392
0 0.969971 0.297398 0.055716 0.017348
0 0.705861 0.622057 0.081766 0.009913
2 0.746382 0.273854 0.010854 0.399009
0 0.370839 0.618340 0.281476 0.012392
1 0.899059 0.930607 0.051375 0.101611
0 0.403401 0.156134 0.608538 0.042131
0 0.643994 0.609046 0.091172 0.011152
2 0.306440 0.343247 0.007959 0.399009
1 0.559696 0.097274 0.044139 0.100372
0 0.735890 0.095415 0.125904 0.017348
0 0.645803 0.610285 0.094790 0.013631
2 0.272069 0.869888 0.007236 0.069393
