1 0.370839 0.557621 0.058611 0.094176
0 0.609262 0.771995 0.076700 0.027261
0 0.747829 0.539033 0.075977 0.014870
1 0.896527 0.934944 0.050651 0.095415
0 0.664978 0.659851 0.082489 0.011152
2 0.264834 0.640025 0.010130 0.102850
0 0.358177 0.609665 0.266281 0.012392
0 0.397974 0.148699 0.577424 0.034696
0 0.724674 0.570632 0.086107 0.011152
0 0.967077 0.292441 0.058611 0.022305
0 0.698263 0.614622 0.083936 0.009913
2 0.738423 0.263321 0.010854 0.395291
0 0.728292 0.090458 0.128075 0.017348
2 0.297757 0.324659 0.009407 0.384139
0 0.632055 0.602230 0.103473 0.012392
1 0.927279 0.933086 0.029667 0.096654
1 0.554269 0.091698 0.033285 0.096654
2 0.264834 0.864932 0.007236 0.076828
