1 0.691027 0.244114 0.054993 0.099133
1 0.330318 0.629492 0.054269 0.091698
1 0.491679 0.245973 0.051375 0.097893
0 0.707670 0.464684 0.076700 0.024783
1 0.643994 0.387856 0.054993 0.086741
2 0.833936 0.094796 0.006512 0.112763
0 0.463097 0.302974 0.270622 0.013631
0 0.045224 0.673482 0.078871 0.016109
0 0.845152 0.232342 0.075253 0.008674
1 0.435601 0.624535 0.056440 0.094176
0 0.761216 0.351921 0.081042 0.009913
2 0.395080 0.125155 0.005789 0.180917
0 0.820550 0.262082 0.081042 0.011152
2 0.648336 0.514250 0.010130 0.158612
0 0.138567 0.644981 0.126628 0.011152
1 0.191751 0.623296 0.060781 0.096654
0 0.798480 0.305452 0.078871 0.008674
1 0.191027 0.605948 0.062229 0.057001
1 0.046671 0.616481 0.061505 0.105328
0 0.593343 0.674721 0.801737 0.016109
