1 0.765919 0.620198 0.055716 0.100372
2 0.531476 0.509294 0.009407 0.158612
0 0.590810 0.464064 0.077424 0.026022
2 0.718162 0.094176 0.006512 0.114002
2 0.245297 0.331475 0.008683 0.102850
0 0.707670 0.261462 0.081042 0.009913
0 0.344428 0.302974 0.276411 0.013631
2 0.244573 0.573110 0.005789 0.102850
2 0.277496 0.126394 0.007959 0.175960
0 0.727569 0.232342 0.077424 0.008674
0 0.645441 0.351301 0.083936 0.011152
0 0.044863 0.643742 0.076700 0.011152
1 0.437410 0.618340 0.049928 0.096654
0 0.680174 0.306072 0.078148 0.007435
0 0.629884 0.293061 0.077424 0.008674
