1 0.706946 0.555762 0.050651 0.092937
1 0.512663 0.089839 0.054269 0.097893
1 0.364689 0.563197 0.053546 0.090458
1 0.670043 0.717472 0.054993 0.096654
0 0.685239 0.772615 0.082489 0.026022
0 0.475036 0.149318 0.611433 0.038414
2 0.342619 0.643123 0.010854 0.096654
0 0.445369 0.611524 0.280029 0.013631
1 0.818017 0.925031 0.055716 0.102850
0 0.826339 0.539033 0.075253 0.014870
0 0.802822 0.570632 0.083213 0.011152
0 0.745658 0.659232 0.080318 0.009913
0 0.691027 0.604089 0.140376 0.013631
2 0.815847 0.268278 0.010854 0.387856
0 0.776773 0.614622 0.083213 0.009913
0 0.793415 0.092317 0.106368 0.016109
2 0.376266 0.330235 0.008683 0.392813
1 0.993126 0.942379 0.012301 0.092937
1 0.035456 0.928748 0.059334 0.100372
