1 0.939580 0.935564 0.052822 0.089219
0 0.687771 0.772615 0.075977 0.026022
0 0.466353 0.151177 0.618669 0.042131
2 0.341534 0.643123 0.010130 0.096654
0 0.441389 0.611524 0.274964 0.013631
0 0.801737 0.570012 0.082489 0.009913
0 0.824530 0.538414 0.074530 0.013631
0 0.743488 0.659232 0.080318 0.009913
0 0.776411 0.614622 0.081042 0.009913
2 0.815123 0.159851 0.007959 0.190830
2 0.815123 0.428748 0.006512 0.066914
0 0.794501 0.091698 0.109986 0.014870
0 0.702605 0.603470 0.112880 0.009913
2 0.376266 0.326518 0.008683 0.392813
0 0.798842 0.089219 0.114327 0.014870
0 0.697540 0.601611 0.128799 0.011152
0 0.799566 0.086121 0.105644 0.016109
2 0.341172 0.866171 0.006512 0.076828
