1 0.705137 0.718711 0.052822 0.094176
1 0.764110 0.102230 0.052098 0.095415
1 0.214906 0.121437 0.054993 0.096654
1 0.952967 0.928748 0.056440 0.097893
1 0.028944 0.932466 0.053546 0.097893
1 0.646527 0.544610 0.039797 0.090458
1 0.435962 0.094796 0.042692 0.097893
1 0.433068 0.558240 0.054269 0.092937
0 0.494935 0.150558 0.617945 0.043371
0 0.706585 0.773234 0.080318 0.027261
2 0.360709 0.644981 0.009407 0.097893
1 0.594067 0.557001 0.037627 0.095415
2 0.834298 0.266419 0.010130 0.401487
0 0.844790 0.539033 0.077424 0.014870
2 0.395441 0.199504 0.007959 0.136307
0 0.713821 0.602850 0.129522 0.013631
0 0.794501 0.614622 0.081042 0.009913
0 0.821635 0.570012 0.084660 0.009913
0 0.460564 0.612144 0.277135 0.014870
0 0.763025 0.659232 0.077424 0.009913
0 0.717438 0.600991 0.136758 0.012392
2 0.394718 0.459727 0.006512 0.126394
