1 0.806078 0.627633 0.053546 0.092937
1 0.442113 0.413259 0.053546 0.092937
1 0.947540 0.622677 0.055716 0.097893
1 0.446816 0.244114 0.054269 0.096654
1 0.566208 0.625774 0.051375 0.091698
1 0.640738 0.625774 0.052822 0.091698
1 0.179088 0.627633 0.048480 0.095415
1 0.135311 0.255886 0.054993 0.092937
2 0.587554 0.095415 0.007236 0.118959
0 0.514472 0.351301 0.083936 0.011152
0 0.459479 0.464684 0.081042 0.024783
0 0.575253 0.260843 0.082489 0.008674
0 0.547033 0.306072 0.085384 0.009913
0 0.214182 0.302974 0.269175 0.013631
2 0.147612 0.127633 0.008683 0.180917
0 0.597323 0.232342 0.073082 0.008674
2 0.939580 0.520446 0.009407 0.057001
0 0.477569 0.294919 0.108538 0.012392
2 0.115051 0.333333 0.008683 0.094176
1 0.212373 0.625774 0.029667 0.096654
0 0.465268 0.295539 0.131693 0.013631
2 0.940304 0.411400 0.006512 0.185874
2 0.589001 0.096035 0.008683 0.115242
2 0.116136 0.554523 0.005065 0.083024
1 0.482634 0.615861 0.050651 0.101611
0 0.577062 0.260223 0.081766 0.012392
2 0.940666 0.110905 0.005789 0.147460
2 0.939219 0.109665 0.004342 0.147460
0 0.459841 0.293061 0.149783 0.013631
0 0.515557 0.353160 0.081766 0.014870
