1 0.274602 0.104089 0.055716 0.104089
1 0.668958 0.716853 0.054269 0.097893
1 0.439942 0.091078 0.056440 0.102850
1 0.903401 0.934325 0.052822 0.094176
1 0.176194 0.918835 0.044139 0.083024
0 0.477931 0.149938 0.615774 0.044610
0 0.700434 0.773854 0.091172 0.026022
2 0.360709 0.644981 0.009407 0.095415
2 0.834298 0.268278 0.010130 0.397770
0 0.844790 0.539033 0.077424 0.014870
0 0.460564 0.610285 0.275687 0.013631
0 0.760854 0.659232 0.081766 0.009913
0 0.794139 0.614622 0.081766 0.009913
0 0.706223 0.603470 0.144718 0.012392
0 0.821635 0.570012 0.084660 0.009913
2 0.394718 0.330235 0.007959 0.397770
0 0.803546 0.091698 0.084660 0.017348
2 0.360709 0.861834 0.006512 0.068154
