1 0.980463 0.934325 0.039074 0.099133
1 0.921852 0.939901 0.052098 0.087980
0 0.470695 0.783147 0.078871 0.027261
0 0.609624 0.547708 0.075977 0.012392
0 0.224674 0.618959 0.282923 0.013631
2 0.126266 0.646221 0.009407 0.100372
2 0.952243 0.833333 0.008683 0.083024
2 0.600217 0.273234 0.010854 0.405204
0 0.589725 0.578067 0.082489 0.011152
2 0.951881 0.472739 0.009407 0.251549
0 0.874457 0.300496 0.151230 0.021066
0 0.567294 0.621437 0.069465 0.008674
2 0.126990 0.885998 0.007959 0.101611
2 0.951881 0.597274 0.009407 0.064436
0 0.328871 0.153036 0.485528 0.035936
0 0.590810 0.096654 0.126628 0.017348
1 0.052822 0.935564 0.065123 0.096654
2 0.159551 0.332094 0.007959 0.391574
0 0.591896 0.100372 0.128799 0.017348
0 0.502171 0.610285 0.111433 0.011152
0 0.527135 0.667286 0.086107 0.013631
