1 0.887120 0.620818 0.057887 0.104089
2 0.585384 0.094176 0.007236 0.116481
0 0.459479 0.463445 0.076700 0.024783
2 0.937410 0.110905 0.005065 0.147460
0 0.573444 0.261462 0.081766 0.009913
2 0.113242 0.565056 0.006512 0.091698
0 0.545224 0.306072 0.081766 0.009913
2 0.112518 0.332094 0.007959 0.101611
2 0.146527 0.126394 0.006512 0.178439
0 0.511939 0.350062 0.084660 0.011152
0 0.209841 0.301735 0.272069 0.013631
2 0.938133 0.410781 0.007959 0.184634
0 0.595514 0.231722 0.075253 0.009913
2 0.114689 0.566914 0.007959 0.097893
1 0.523878 0.622677 0.034732 0.092937
1 0.533285 0.618959 0.049204 0.083024
0 0.478654 0.292441 0.104920 0.009913
2 0.937410 0.526642 0.010854 0.064436
1 0.538712 0.600991 0.041245 0.047088
0 0.575615 0.260843 0.083213 0.013631
