1 0.585745 0.622057 0.057164 0.104089
1 0.384949 0.620818 0.057887 0.104089
1 0.129161 0.623916 0.042692 0.097893
1 0.909551 0.621437 0.060781 0.102850
1 0.133140 0.255886 0.056440 0.095415
1 0.223951 0.629492 0.045586 0.091698
2 0.146527 0.126394 0.006512 0.178439
0 0.512663 0.351921 0.086107 0.009913
2 0.586107 0.094796 0.007236 0.117720
0 0.458032 0.465304 0.079595 0.028501
2 0.937410 0.110285 0.005065 0.146221
0 0.211288 0.302974 0.274964 0.013631
2 0.113965 0.333953 0.007959 0.090458
2 0.400507 0.506815 0.010854 0.148699
0 0.596237 0.232342 0.078148 0.008674
0 0.575977 0.261462 0.082489 0.009913
0 0.550289 0.304213 0.070188 0.008674
2 0.398698 0.508055 0.010130 0.148699
2 0.938495 0.411400 0.007236 0.188352
1 0.106006 0.625155 0.054269 0.100372
2 0.938133 0.525403 0.012301 0.049566
0 0.492402 0.293680 0.106368 0.009913
1 0.306802 0.224907 0.030391 0.045849
1 0.778582 0.630112 0.050651 0.092937
1 0.515557 0.245973 0.029667 0.090458
