1 0.184877 0.125774 0.054269 0.130112
0 0.701158 0.772615 0.078148 0.026022
1 0.299928 0.095415 0.054269 0.109046
1 0.853835 0.929368 0.049204 0.099133
2 0.355644 0.640644 0.010854 0.099133
0 0.839001 0.539653 0.077424 0.016109
0 0.453690 0.611524 0.272069 0.013631
0 0.467800 0.153036 0.612880 0.045849
2 0.829595 0.267658 0.010854 0.399009
0 0.816570 0.570632 0.084660 0.011152
0 0.757598 0.659232 0.085384 0.009913
0 0.790521 0.614622 0.080318 0.009913
0 0.802460 0.091698 0.089725 0.014870
2 0.390376 0.329616 0.007959 0.384139
0 0.717800 0.601611 0.111433 0.011152
0 0.801737 0.089219 0.085384 0.017348
2 0.354920 0.864312 0.006512 0.073110
