0 0.696454 0.772615 0.078871 0.026022
0 0.752171 0.659851 0.081766 0.011152
0 0.785094 0.614622 0.082489 0.009913
0 0.812952 0.570012 0.086107 0.009913
0 0.833936 0.539033 0.077424 0.014870
0 0.708032 0.603470 0.129522 0.012392
2 0.350579 0.641884 0.010854 0.101611
0 0.450072 0.611524 0.277858 0.013631
1 0.793777 0.064436 0.046310 0.061958
2 0.824168 0.267038 0.008683 0.392813
0 0.712373 0.606568 0.116498 0.013631
0 0.800651 0.090458 0.097685 0.017348
0 0.384949 0.328996 0.008683 0.392813
0 0.472865 0.149318 0.599855 0.038414
