1 0.234443 0.111524 0.053546 0.094176
1 0.811505 0.933086 0.047033 0.094176
1 0.980101 0.929368 0.038350 0.096654
0 0.667873 0.772615 0.075253 0.026022
2 0.321274 0.642503 0.010130 0.105328
1 0.174747 0.921933 0.035456 0.096654
0 0.806078 0.539653 0.075253 0.016109
0 0.442836 0.149938 0.604920 0.039653
0 0.424023 0.611524 0.286541 0.013631
2 0.355644 0.320942 0.009407 0.396530
0 0.762301 0.614622 0.070188 0.009913
0 0.782923 0.569393 0.081042 0.011152
0 0.784732 0.088600 0.126628 0.016109
0 0.723227 0.659232 0.083213 0.009913
0 0.691389 0.603470 0.112156 0.009913
2 0.797033 0.267038 0.012301 0.390335
2 0.321635 0.866171 0.006512 0.074349
