1 0.779667 0.624535 0.047033 0.094176
1 0.971418 0.622057 0.051375 0.101611
1 0.438857 0.408922 0.052822 0.099133
1 0.134226 0.252788 0.054269 0.089219
1 0.862156 0.623296 0.051375 0.094176
2 0.585384 0.094796 0.005789 0.117720
0 0.457308 0.464064 0.081042 0.026022
2 0.937410 0.109665 0.005065 0.147460
1 0.233357 0.250929 0.048480 0.095415
0 0.573082 0.260843 0.081042 0.008674
0 0.512663 0.350682 0.081766 0.009913
2 0.146527 0.127633 0.006512 0.180917
1 0.072721 0.620198 0.039797 0.097893
2 0.400507 0.515489 0.010854 0.163569
0 0.547757 0.306072 0.076700 0.009913
2 0.938133 0.411400 0.007959 0.185874
2 0.113242 0.334572 0.007959 0.099133
0 0.595514 0.232342 0.075253 0.008674
0 0.210203 0.301115 0.264110 0.014870
0 0.484805 0.293680 0.098408 0.009913
1 0.479016 0.232962 0.054993 0.054523
2 0.938133 0.521685 0.010854 0.052045
0 0.512301 0.353160 0.083936 0.014870
0 0.574891 0.260223 0.081766 0.012392
