1 0.736614 0.729244 0.052098 0.095415
1 0.208755 0.125155 0.055716 0.094176
1 0.913169 0.936183 0.053546 0.090458
1 0.440304 0.090458 0.055716 0.101611
1 0.084660 0.924411 0.057887 0.099133
1 0.405933 0.549566 0.054993 0.105328
0 0.483357 0.149938 0.603473 0.042131
0 0.706946 0.775713 0.086831 0.027261
2 0.834298 0.268278 0.010130 0.397770
2 0.360709 0.644981 0.009407 0.095415
0 0.844790 0.539033 0.077424 0.014870
0 0.794863 0.614622 0.080318 0.009913
0 0.821635 0.570012 0.084660 0.009913
0 0.718886 0.601611 0.129522 0.011152
0 0.460564 0.610905 0.274240 0.014870
0 0.803546 0.091698 0.084660 0.017348
0 0.764110 0.659232 0.075253 0.009913
2 0.394718 0.325898 0.007959 0.391574
1 0.583213 0.079306 0.031838 0.091698
2 0.395080 0.293680 0.007236 0.319703
2 0.360709 0.860595 0.006512 0.065675
2 0.359986 0.863693 0.007959 0.069393
