0 0.044139 0.674721 0.076700 0.013631
0 0.707308 0.464684 0.075977 0.027261
0 0.457670 0.302974 0.272793 0.013631
0 0.845152 0.232342 0.075253 0.008674
2 0.833936 0.094796 0.006512 0.112763
2 0.648336 0.513631 0.010130 0.162330
0 0.823444 0.262082 0.081042 0.011152
2 0.395441 0.125774 0.006512 0.182156
2 0.361071 0.333333 0.010130 0.101611
0 0.137120 0.646221 0.128075 0.008674
0 0.760130 0.352540 0.078871 0.011152
2 0.361795 0.574349 0.005789 0.083024
0 0.796671 0.306691 0.085384 0.011152
0 0.592619 0.675341 0.800289 0.017348
