1 0.391100 0.256506 0.052822 0.091698
1 0.028582 0.623916 0.048480 0.097893
1 0.365774 0.628872 0.052822 0.092937
1 0.419682 0.623296 0.040521 0.094176
0 0.463097 0.302354 0.279305 0.014870
0 0.044863 0.675341 0.078148 0.012392
0 0.761216 0.351301 0.082489 0.011152
2 0.361795 0.335812 0.010130 0.094176
2 0.834660 0.087980 0.005065 0.106568
2 0.395080 0.125774 0.005789 0.177200
1 0.726483 0.227385 0.054993 0.048327
0 0.795224 0.307311 0.079595 0.009913
0 0.707308 0.462206 0.077424 0.022305
0 0.722142 0.295539 0.115774 0.011152
1 0.726845 0.237918 0.055716 0.069393
0 0.136035 0.644362 0.127352 0.009913
2 0.359986 0.550805 0.006512 0.065675
0 0.761577 0.353779 0.083213 0.013631
0 0.564399 0.679678 0.740955 0.026022
