1 0.723951 0.724287 0.052822 0.097893
1 0.643271 0.548947 0.052098 0.094176
1 0.729016 0.100372 0.054269 0.099133
0 0.845152 0.539033 0.076700 0.014870
1 0.533647 0.551425 0.036903 0.079306
0 0.477569 0.149938 0.617945 0.042131
0 0.705499 0.773234 0.076700 0.024783
2 0.360347 0.643742 0.010130 0.097893
2 0.835384 0.267038 0.009407 0.392813
0 0.822359 0.570632 0.086107 0.011152
0 0.796310 0.614622 0.081766 0.009913
0 0.764472 0.659232 0.077424 0.009913
0 0.715268 0.604089 0.125181 0.013631
1 0.921491 0.930607 0.045586 0.099133
0 0.459479 0.611524 0.276411 0.013631
2 0.394356 0.332714 0.008683 0.392813
0 0.463459 0.614002 0.284370 0.016109
0 0.802098 0.093556 0.077424 0.016109
1 0.179088 0.931227 0.048480 0.100372
1 0.497829 0.539033 0.049204 0.044610
2 0.833575 0.265180 0.008683 0.389095
0 0.715630 0.602230 0.141823 0.012392
