1 0.181983 0.120818 0.054269 0.092937
1 0.341896 0.558240 0.052822 0.097893
1 0.425109 0.561338 0.052822 0.096654
1 0.677279 0.556382 0.052098 0.091698
1 0.482634 0.091078 0.053546 0.095415
0 0.657742 0.771995 0.078148 0.027261
1 0.320550 0.095415 0.049204 0.101611
0 0.431983 0.148699 0.617945 0.037175
0 0.796310 0.539033 0.075977 0.014870
1 0.824168 0.931227 0.062229 0.100372
0 0.714906 0.659232 0.081042 0.009913
0 0.412808 0.610905 0.278582 0.014870
2 0.312590 0.641884 0.010130 0.099133
0 0.747467 0.614622 0.081042 0.009913
0 0.773878 0.570632 0.084660 0.011152
2 0.786541 0.261462 0.010130 0.391574
0 0.775326 0.088600 0.123734 0.016109
0 0.672938 0.603470 0.121563 0.012392
2 0.346237 0.327757 0.007959 0.377943
2 0.785456 0.392813 0.007959 0.128872
0 0.744935 0.613383 0.081766 0.009913
