1 0.438495 0.553903 0.053546 0.099133
1 0.722865 0.541512 0.052098 0.096654
1 0.193922 0.118959 0.054993 0.094176
1 0.039074 0.921314 0.063676 0.105328
1 0.583936 0.082404 0.054993 0.097893
1 0.384226 0.097274 0.053546 0.095415
1 0.978654 0.926270 0.038350 0.097893
1 0.500724 0.548327 0.054993 0.102850
0 0.494935 0.144362 0.613603 0.043371
1 0.912084 0.928748 0.052822 0.095415
0 0.794501 0.608426 0.082489 0.009913
2 0.834298 0.264560 0.010130 0.397770
0 0.844790 0.532838 0.075977 0.012392
0 0.459841 0.605328 0.271346 0.016109
0 0.822721 0.564436 0.082489 0.011152
2 0.360347 0.637546 0.010130 0.097893
0 0.762663 0.654275 0.081042 0.009913
2 0.395080 0.237918 0.008683 0.225527
1 0.583213 0.548327 0.054993 0.100372
0 0.715991 0.597274 0.128075 0.012392
0 0.707670 0.765180 0.094067 0.018587
0 0.715630 0.593556 0.134588 0.012392
0 0.803907 0.085502 0.085384 0.017348
0 0.717077 0.598513 0.120116 0.012392
2 0.361433 0.851921 0.006512 0.063197
2 0.394718 0.271375 0.007959 0.302354
1 0.772793 0.063197 0.027496 0.059480
