1 0.819465 0.628253 0.052822 0.094176
2 0.655572 0.094176 0.005789 0.114002
0 0.527135 0.464684 0.078871 0.024783
0 0.643994 0.261462 0.083936 0.009913
2 0.181621 0.331475 0.008683 0.102850
2 0.469971 0.513631 0.007959 0.162330
2 0.182706 0.571871 0.006512 0.105328
0 0.276773 0.301735 0.275687 0.013631
0 0.666787 0.232342 0.075977 0.008674
0 0.617221 0.305452 0.086831 0.008674
2 0.215991 0.127014 0.006512 0.177200
1 0.730463 0.614002 0.048480 0.105328
2 0.184153 0.570632 0.006512 0.102850
0 0.577786 0.298017 0.164255 0.008674
