1 0.345514 0.244114 0.038350 0.099133
1 0.715630 0.628253 0.052098 0.089219
1 0.848046 0.622677 0.054993 0.095415
2 0.172938 0.332094 0.008683 0.106568
1 0.536541 0.244114 0.051375 0.096654
2 0.646165 0.093556 0.005789 0.112763
0 0.274240 0.301115 0.285094 0.012392
2 0.171852 0.571871 0.006512 0.100372
0 0.569826 0.349442 0.086107 0.009913
2 0.206585 0.126394 0.006512 0.173482
0 0.634588 0.261462 0.081042 0.009913
2 0.461288 0.533457 0.006512 0.117720
0 0.609262 0.306072 0.078148 0.007435
0 0.532923 0.293061 0.123734 0.011152
0 0.656657 0.231103 0.077424 0.008674
2 0.208032 0.127633 0.007959 0.173482
