1 0.293415 0.255266 0.052822 0.094176
1 0.370116 0.252169 0.052822 0.095415
2 0.672576 0.094796 0.007959 0.112763
2 0.233357 0.128253 0.006512 0.177200
0 0.303907 0.303594 0.280753 0.017348
0 0.600217 0.353160 0.084660 0.012392
0 0.663169 0.261462 0.081766 0.009913
0 0.552822 0.463445 0.066570 0.024783
2 0.201520 0.330855 0.009407 0.101611
1 0.556440 0.229244 0.056440 0.052045
0 0.683430 0.232962 0.077424 0.009913
0 0.574891 0.292441 0.087554 0.009913
2 0.489146 0.545229 0.008683 0.081784
2 0.201158 0.570632 0.010130 0.102850
1 0.982634 0.622677 0.033285 0.097893
0 0.634226 0.306691 0.081766 0.011152
0 0.023155 0.644981 0.036179 0.008674
0 0.512301 0.675960 0.960926 0.023544
