1 0.229740 0.103470 0.051375 0.107807
1 0.360347 0.087361 0.052098 0.095415
1 0.877713 0.925031 0.052098 0.105328
0 0.726483 0.659851 0.083936 0.011152
0 0.759407 0.614622 0.080318 0.009913
0 0.671491 0.773234 0.076700 0.029740
0 0.808611 0.539033 0.077424 0.014870
0 0.425470 0.610285 0.283647 0.013631
0 0.787265 0.570012 0.085384 0.009913
0 0.688857 0.603470 0.115774 0.012392
2 0.325615 0.640644 0.010130 0.101611
1 0.183068 0.118959 0.041968 0.104089
2 0.799204 0.267658 0.007959 0.391574
1 0.315847 0.070012 0.023878 0.055762
0 0.787988 0.089219 0.123010 0.017348
2 0.358900 0.330235 0.008683 0.395291
0 0.446454 0.150558 0.603473 0.043371
