1 0.505427 0.723048 0.054269 0.100372
1 0.954052 0.935564 0.057164 0.096654
0 0.549204 0.783767 0.078148 0.026022
0 0.691027 0.550805 0.075253 0.011152
0 0.303184 0.622677 0.274964 0.013631
2 0.206946 0.651177 0.010130 0.102850
0 0.666787 0.581165 0.084660 0.012392
0 0.938495 0.304833 0.109986 0.029740
2 0.679812 0.273234 0.010854 0.392813
0 0.567294 0.614002 0.114327 0.011152
2 0.239870 0.340149 0.007959 0.392813
0 0.639291 0.623916 0.080318 0.013631
0 0.606729 0.667906 0.083213 0.014870
0 0.607091 0.672862 0.085384 0.017348
1 0.654848 0.070632 0.039074 0.069393
