1 0.692836 0.710037 0.055716 0.104089
1 0.857815 0.931227 0.055716 0.095415
1 0.909913 0.934944 0.051375 0.092937
0 0.694645 0.771375 0.081042 0.026022
1 0.638929 0.538414 0.052098 0.102850
1 0.371563 0.565675 0.055716 0.090458
1 0.073082 0.918835 0.052098 0.068154
1 0.711650 0.099752 0.051375 0.097893
1 0.183068 0.925651 0.056440 0.099133
0 0.834298 0.539033 0.076700 0.014870
0 0.753980 0.659232 0.076700 0.009913
2 0.383864 0.323420 0.007959 0.394052
0 0.784732 0.614622 0.081766 0.009913
0 0.468162 0.151797 0.613603 0.045849
0 0.811505 0.570012 0.083213 0.009913
2 0.350217 0.645601 0.011577 0.096654
0 0.450796 0.611524 0.279305 0.013631
0 0.806078 0.092317 0.104197 0.016109
2 0.824168 0.271375 0.011577 0.403965
0 0.698625 0.601611 0.135311 0.013631
0 0.404124 0.610905 0.180174 0.014870
0 0.804269 0.089219 0.096237 0.014870
