1 0.605644 0.372367 0.053546 0.097893
1 0.373734 0.842007 0.052822 0.097893
1 0.244573 0.387856 0.056440 0.104089
2 0.834298 0.546468 0.010130 0.403965
0 0.844428 0.822800 0.076700 0.012392
0 0.823444 0.853160 0.085384 0.011152
1 0.306440 0.382900 0.051375 0.106568
0 0.824891 0.369269 0.127352 0.017348
2 0.393994 0.618959 0.009407 0.363073
0 0.478654 0.426270 0.659190 0.034696
0 0.827786 0.373606 0.130246 0.018587
0 0.513386 0.423792 0.540521 0.027261
2 0.757236 0.274473 0.009407 0.112763
0 0.808973 0.896530 0.052098 0.011152
