1 0.696454 0.622677 0.052822 0.095415
1 0.430897 0.237299 0.044139 0.097893
1 0.903763 0.626394 0.052098 0.092937
1 0.505789 0.247212 0.053546 0.097893
2 0.158466 0.330855 0.008683 0.101611
2 0.446816 0.516109 0.006512 0.149938
0 0.620478 0.261462 0.081766 0.009913
2 0.631693 0.094176 0.005789 0.114002
2 0.192475 0.125774 0.007236 0.177200
0 0.643271 0.232962 0.075253 0.009913
0 0.260492 0.301735 0.287988 0.013631
0 0.560058 0.351921 0.079595 0.012392
0 0.591534 0.305452 0.083213 0.008674
2 0.161360 0.567534 0.007236 0.094176
0 0.509407 0.295539 0.146165 0.016109
2 0.159551 0.566295 0.007959 0.094176
1 0.375904 0.249071 0.032562 0.091698
1 0.324530 0.249071 0.034009 0.086741
2 0.985166 0.166667 0.003618 0.043371
2 0.984805 0.411400 0.005789 0.180917
2 0.985890 0.524164 0.010854 0.039653
