1 0.294139 0.255266 0.051375 0.094176
1 0.157381 0.622677 0.048480 0.097893
1 0.366860 0.256506 0.052098 0.094176
1 0.528944 0.621437 0.053546 0.095415
1 0.799928 0.627633 0.054269 0.092937
1 0.625904 0.615861 0.057887 0.104089
1 0.174023 0.250310 0.049928 0.094176
1 0.498191 0.246592 0.052822 0.096654
1 0.250362 0.628872 0.053546 0.092937
1 0.383502 0.622057 0.054993 0.104089
2 0.608900 0.094176 0.006512 0.114002
2 0.169682 0.123296 0.006512 0.169765
0 0.536541 0.350062 0.081766 0.011152
0 0.234805 0.301735 0.284370 0.016109
1 0.482272 0.408302 0.042692 0.095415
0 0.619754 0.232962 0.074530 0.009913
0 0.596237 0.261462 0.079595 0.009913
0 0.488423 0.463445 0.063676 0.024783
2 0.134588 0.553903 0.007236 0.064436
0 0.570188 0.306072 0.085384 0.009913
2 0.959841 0.412020 0.007959 0.179678
0 0.478292 0.296778 0.147612 0.013631
0 0.500000 0.676580 0.988423 0.022305
