1 0.971056 0.623296 0.049204 0.099133
1 0.899421 0.623916 0.036179 0.090458
2 0.585022 0.094176 0.006512 0.116481
0 0.458032 0.463445 0.079595 0.024783
2 0.111071 0.565056 0.006512 0.089219
2 0.937410 0.109665 0.005065 0.147460
0 0.573082 0.260843 0.081042 0.008674
0 0.545586 0.306072 0.079595 0.009913
0 0.511216 0.350682 0.084660 0.009913
2 0.146527 0.127014 0.006512 0.177200
2 0.112880 0.332094 0.008683 0.101611
2 0.400507 0.515489 0.010854 0.163569
2 0.938133 0.412639 0.007959 0.188352
2 0.938495 0.526642 0.010130 0.044610
0 0.595514 0.232342 0.075253 0.008674
0 0.206946 0.300496 0.267728 0.013631
1 0.024240 0.617720 0.038350 0.105328
1 0.888205 0.624535 0.058611 0.091698
0 0.483719 0.293061 0.097685 0.008674
0 0.511216 0.353779 0.083213 0.013631
0 0.575253 0.260223 0.082489 0.012392
1 0.023155 0.632590 0.034732 0.073110
