1 0.972142 0.619579 0.051375 0.104089
1 0.298842 0.618340 0.056440 0.104089
1 0.421129 0.230483 0.052098 0.106568
2 0.146527 0.127014 0.006512 0.174721
2 0.114327 0.331475 0.007236 0.097893
2 0.585745 0.094796 0.006512 0.117720
2 0.937410 0.110285 0.005065 0.146221
0 0.211288 0.302354 0.269175 0.012392
1 0.045224 0.617720 0.047033 0.102850
2 0.400507 0.516109 0.010854 0.159851
0 0.512663 0.351921 0.086107 0.009913
0 0.574891 0.261462 0.083213 0.009913
0 0.596237 0.232342 0.076700 0.008674
0 0.457308 0.465923 0.081042 0.027261
2 0.938495 0.410161 0.007236 0.185874
0 0.546671 0.304833 0.080318 0.009913
2 0.938133 0.521685 0.010854 0.054523
2 0.112880 0.552045 0.005789 0.065675
0 0.480825 0.294919 0.106368 0.009913
