1 0.150507 0.864312 0.050651 0.095415
0 0.473227 0.703841 0.075253 0.024783
1 0.893994 0.865551 0.052822 0.090458
2 0.125904 0.571252 0.010130 0.101611
0 0.608538 0.470880 0.076700 0.009913
0 0.586469 0.503098 0.080318 0.014870
2 0.599493 0.215613 0.012301 0.356877
0 0.567656 0.546468 0.062952 0.014870
2 0.158104 0.404585 0.006512 0.080545
2 0.951158 0.350062 0.009407 0.149938
2 0.951520 0.618959 0.008683 0.112763
0 0.229016 0.539653 0.293054 0.016109
2 0.158466 0.258984 0.005789 0.391574
0 0.871563 0.223668 0.141100 0.021066
0 0.328509 0.073730 0.435601 0.030979
