1 0.270984 0.115242 0.051375 0.096654
1 0.374457 0.097274 0.051375 0.102850
0 0.615412 0.783767 0.077424 0.028501
0 0.367583 0.623296 0.280753 0.012392
2 0.269899 0.651177 0.010130 0.102850
0 0.754342 0.549566 0.075977 0.013631
2 0.303184 0.335812 0.008683 0.396530
2 0.743849 0.275713 0.010130 0.405204
0 0.971418 0.302974 0.054269 0.016109
0 0.730825 0.581165 0.082489 0.012392
0 0.645803 0.613383 0.087554 0.009913
0 0.735166 0.098513 0.127352 0.018587
0 0.703329 0.623296 0.079595 0.012392
0 0.702605 0.625774 0.079595 0.009913
2 0.269537 0.871747 0.006512 0.065675
1 0.013748 0.929368 0.024602 0.071871
0 0.671129 0.668525 0.083213 0.016109
0 0.734805 0.102850 0.128075 0.017348
0 0.646165 0.614622 0.089725 0.012392
0 0.671491 0.672862 0.083936 0.017348
1 0.994211 0.947336 0.010130 0.073110
0 0.399421 0.158612 0.586107 0.042131
