1 0.477207 0.553903 0.041245 0.089219
1 0.286541 0.087361 0.053546 0.095415
1 0.236252 0.562577 0.052822 0.091698
1 0.138567 0.561958 0.054269 0.092937
1 0.847323 0.931227 0.049204 0.090458
1 0.915340 0.929368 0.060781 0.099133
1 0.122648 0.099133 0.044139 0.094176
1 0.075977 0.928129 0.050651 0.096654
0 0.464182 0.771375 0.074530 0.026022
2 0.117945 0.641264 0.010130 0.097893
0 0.310420 0.144362 0.452967 0.030979
0 0.600217 0.538414 0.077424 0.013631
2 0.943198 0.458488 0.009407 0.240397
0 0.219971 0.610905 0.282200 0.014870
0 0.865774 0.291822 0.142547 0.018587
2 0.591534 0.268897 0.009407 0.401487
2 0.943560 0.587980 0.010130 0.075589
0 0.581404 0.568773 0.078871 0.009913
0 0.489508 0.601611 0.125181 0.011152
0 0.582851 0.086741 0.129522 0.017348
2 0.151592 0.330235 0.009407 0.392813
2 0.117221 0.873606 0.007236 0.094176
0 0.560781 0.611524 0.060781 0.011152
0 0.582489 0.090458 0.131693 0.014870
2 0.942836 0.806691 0.007236 0.101611
2 0.943922 0.809789 0.010854 0.107807
