1 0.401230 0.102230 0.051375 0.097893
1 0.729378 0.725527 0.052098 0.095415
1 0.478654 0.563817 0.054269 0.096654
1 0.819103 0.929988 0.054993 0.100372
1 0.683430 0.553903 0.054269 0.096654
0 0.488061 0.152416 0.633140 0.044610
0 0.845152 0.539033 0.076700 0.014870
1 0.091534 0.923172 0.055716 0.081784
2 0.360347 0.644362 0.010130 0.101611
1 0.538350 0.091698 0.040521 0.094176
0 0.457670 0.612144 0.272793 0.017348
0 0.706223 0.773854 0.078148 0.026022
0 0.822359 0.570632 0.086107 0.011152
2 0.835022 0.267038 0.010130 0.395291
0 0.762663 0.659232 0.081042 0.009913
0 0.796310 0.614622 0.081766 0.009913
0 0.710564 0.604089 0.133140 0.016109
2 0.393632 0.335192 0.008683 0.390335
0 0.802098 0.092317 0.080318 0.016109
