0 0.602388 0.791822 0.077424 0.027261
0 0.349493 0.631970 0.266281 0.014870
2 0.257236 0.660471 0.009407 0.101611
0 0.382055 0.164188 0.565847 0.040892
0 0.738423 0.559480 0.077424 0.013631
2 0.730463 0.283767 0.010854 0.406444
0 0.965268 0.312268 0.065123 0.019827
0 0.722504 0.107187 0.125181 0.018587
0 0.628799 0.622677 0.109986 0.011152
2 0.289797 0.346964 0.009407 0.394052
0 0.657381 0.680917 0.083213 0.011152
0 0.694284 0.633209 0.074530 0.012392
0 0.723951 0.110905 0.129522 0.016109
0 0.718886 0.589839 0.083213 0.012392
1 0.141823 0.944238 0.056440 0.081784
0 0.686324 0.630112 0.083213 0.011152
0 0.657381 0.684634 0.080318 0.016109
2 0.256512 0.875465 0.006512 0.058240
