1 0.027135 0.936803 0.049928 0.096654
0 0.706223 0.781908 0.076700 0.027261
0 0.843705 0.549566 0.075253 0.013631
0 0.459117 0.621437 0.269899 0.013631
2 0.834298 0.276332 0.010130 0.399009
0 0.822721 0.579926 0.085384 0.009913
2 0.360709 0.654895 0.009407 0.095415
0 0.719971 0.613383 0.120116 0.012392
2 0.394356 0.336431 0.008683 0.387856
0 0.793777 0.622677 0.081042 0.011152
0 0.473589 0.157993 0.611433 0.043371
0 0.804993 0.100991 0.087554 0.018587
0 0.761577 0.667286 0.080318 0.013631
0 0.797033 0.625155 0.075977 0.011152
