1 0.304993 0.574969 0.054269 0.096654
1 0.528220 0.102850 0.054993 0.101611
1 0.133864 0.135068 0.052098 0.091698
0 0.609986 0.788104 0.078148 0.029740
1 0.838640 0.946716 0.050651 0.076828
1 0.893994 0.945477 0.052822 0.076828
0 0.747829 0.555143 0.074530 0.012392
0 0.666064 0.675960 0.080318 0.011152
2 0.264472 0.655514 0.009407 0.101611
1 0.110709 0.939901 0.036179 0.085502
0 0.967077 0.308550 0.057164 0.022305
0 0.364689 0.625155 0.276411 0.016109
2 0.738423 0.277571 0.010854 0.394052
0 0.386758 0.161710 0.586831 0.038414
0 0.633140 0.619579 0.096961 0.012392
0 0.697540 0.631970 0.081042 0.014870
1 0.712735 0.070632 0.049204 0.076828
2 0.737337 0.405824 0.008683 0.135068
0 0.726122 0.102230 0.133864 0.018587
2 0.297757 0.337670 0.009407 0.377943
0 0.726845 0.583024 0.084660 0.016109
0 0.332127 0.624535 0.218524 0.014870
0 0.724313 0.587980 0.081042 0.016109
