1 0.298480 0.625155 0.052822 0.090458
0 0.614327 0.467162 0.081042 0.024783
0 0.666787 0.351921 0.086107 0.009913
1 0.354559 0.622057 0.056440 0.099133
0 0.729740 0.260843 0.080318 0.008674
2 0.741317 0.092937 0.006512 0.114002
0 0.701520 0.305452 0.077424 0.008674
0 0.751085 0.232342 0.075253 0.008674
2 0.555355 0.516109 0.009407 0.164808
0 0.368307 0.301735 0.277858 0.011152
0 0.055355 0.644981 0.106368 0.011152
2 0.268452 0.331475 0.008683 0.102850
2 0.268090 0.555143 0.006512 0.071871
0 0.666425 0.354399 0.081042 0.012392
0 0.730463 0.260843 0.080318 0.013631
0 0.639291 0.293680 0.104920 0.009913
