2 0.379161 0.126394 0.005789 0.175960
2 0.819465 0.095415 0.005065 0.114002
2 0.633502 0.513631 0.006512 0.159851
2 0.345876 0.333333 0.007236 0.101611
0 0.445731 0.302354 0.280753 0.012392
0 0.718162 0.295539 0.083213 0.008674
0 0.829233 0.232342 0.075253 0.008674
0 0.810420 0.263321 0.082489 0.008674
0 0.780029 0.306691 0.082489 0.008674
0 0.750362 0.353160 0.088278 0.007435
0 0.693198 0.466543 0.075253 0.028501
0 0.036903 0.674721 0.062229 0.013631
0 0.585384 0.673482 0.816208 0.013631
0 0.121925 0.643123 0.128075 0.009913
1 0.339363 0.250929 0.053546 0.095415
1 0.635311 0.242255 0.053546 0.095415
1 0.728654 0.247831 0.036179 0.091698
1 0.683430 0.407063 0.054269 0.095415
1 0.090449 0.610905 0.018813 0.059480
