1 0.972142 0.620818 0.049928 0.099133
2 0.146527 0.127014 0.006512 0.174721
2 0.585745 0.094796 0.006512 0.117720
2 0.112880 0.573110 0.005789 0.102850
0 0.513025 0.351921 0.085384 0.009913
2 0.937410 0.110285 0.005065 0.146221
0 0.457670 0.468401 0.083213 0.029740
0 0.212373 0.302354 0.272793 0.012392
0 0.574530 0.261462 0.083936 0.009913
0 0.596237 0.232342 0.076700 0.008674
2 0.398698 0.516729 0.010130 0.156134
2 0.938857 0.412020 0.007959 0.189591
2 0.938133 0.522305 0.010854 0.055762
0 0.549566 0.304833 0.074530 0.009913
1 0.290883 0.619579 0.053546 0.101611
0 0.484081 0.291822 0.101302 0.011152
2 0.111071 0.333953 0.010854 0.097893
