1 0.620116 0.622677 0.056440 0.097893
1 0.971780 0.620818 0.050651 0.101611
1 0.229378 0.629492 0.052098 0.091698
1 0.151954 0.246592 0.053546 0.096654
2 0.585384 0.094176 0.005789 0.116481
0 0.458032 0.464064 0.078148 0.026022
2 0.937410 0.109665 0.005065 0.147460
0 0.573082 0.260843 0.081042 0.008674
2 0.113242 0.332094 0.007959 0.096654
0 0.511939 0.351301 0.083213 0.011152
2 0.938133 0.524164 0.010854 0.049566
0 0.548119 0.306072 0.075977 0.009913
0 0.210203 0.302354 0.272793 0.012392
2 0.400507 0.515489 0.010854 0.163569
2 0.938133 0.411400 0.007959 0.185874
1 0.503980 0.620818 0.048480 0.091698
2 0.115774 0.561338 0.005789 0.084263
0 0.595514 0.232342 0.075253 0.008674
1 0.766643 0.627633 0.034009 0.090458
0 0.490593 0.292441 0.086831 0.009913
2 0.146527 0.127633 0.007959 0.178439
