1 0.498191 0.405204 0.054269 0.099133
1 0.325977 0.624535 0.055716 0.096654
1 0.244211 0.254027 0.055716 0.096654
2 0.669682 0.093556 0.006512 0.115242
2 0.484081 0.515489 0.008683 0.163569
1 0.164616 0.256506 0.055716 0.094176
0 0.660275 0.260843 0.081766 0.011152
0 0.294501 0.302354 0.277858 0.014870
0 0.543777 0.464684 0.074530 0.029740
2 0.230463 0.127014 0.006512 0.177200
0 0.680174 0.232962 0.075253 0.009913
1 0.782200 0.617720 0.054993 0.105328
0 0.679450 0.231103 0.073806 0.008674
0 0.596237 0.353160 0.082489 0.009913
1 0.276411 0.252788 0.034732 0.096654
1 0.537988 0.220570 0.048480 0.049566
2 0.195007 0.335192 0.007959 0.102850
0 0.596237 0.353779 0.082489 0.013631
1 0.420405 0.623296 0.054993 0.094176
0 0.660637 0.262082 0.086831 0.016109
0 0.634588 0.306691 0.076700 0.013631
0 0.565847 0.293680 0.095514 0.009913
0 0.021346 0.644981 0.032562 0.008674
0 0.510854 0.674102 0.965268 0.017348
