1 0.922214 0.622057 0.052822 0.096654
0 0.565485 0.462825 0.078871 0.023544
0 0.619754 0.351301 0.083213 0.011152
2 0.692475 0.094176 0.005789 0.114002
0 0.320912 0.301115 0.277135 0.012392
2 0.507236 0.514870 0.010130 0.164808
0 0.651592 0.305452 0.080318 0.008674
0 0.680535 0.260843 0.080318 0.008674
0 0.031476 0.644362 0.052822 0.009913
0 0.702967 0.232342 0.074530 0.008674
2 0.219609 0.567534 0.006512 0.096654
2 0.219247 0.329616 0.008683 0.104089
2 0.253618 0.125155 0.006512 0.178439
0 0.618307 0.353779 0.077424 0.013631
