1 0.307887 0.254027 0.051375 0.094176
1 0.407019 0.250929 0.051375 0.100372
1 0.208032 0.623916 0.054269 0.097893
1 0.566570 0.405204 0.053546 0.101611
0 0.346961 0.302354 0.277135 0.014870
2 0.716715 0.094176 0.006512 0.114002
1 0.520984 0.228625 0.053546 0.092937
1 0.387120 0.624535 0.036179 0.091698
0 0.587554 0.463445 0.082489 0.027261
0 0.706946 0.261462 0.081042 0.009913
1 0.614327 0.623296 0.053546 0.094176
2 0.276773 0.131351 0.007959 0.183395
0 0.643271 0.351301 0.081042 0.011152
0 0.725760 0.232962 0.078148 0.009913
0 0.043054 0.644981 0.077424 0.011152
2 0.243126 0.566914 0.005789 0.092937
0 0.678726 0.305452 0.082489 0.008674
0 0.596237 0.292441 0.140376 0.009913
1 0.341896 0.617720 0.058611 0.105328
0 0.606729 0.293680 0.122287 0.009913
