1 0.731910 0.108426 0.052822 0.095415
0 0.706585 0.777571 0.075977 0.026022
2 0.361071 0.648079 0.010130 0.094176
2 0.834298 0.270136 0.010130 0.399009
0 0.481187 0.154895 0.616498 0.042131
0 0.762663 0.664808 0.081042 0.011152
0 0.459117 0.616481 0.272793 0.013631
0 0.794501 0.619579 0.083936 0.009913
0 0.823806 0.574969 0.087554 0.009913
1 0.173300 0.921314 0.039797 0.068154
1 0.674385 0.530359 0.044863 0.061958
0 0.728654 0.609046 0.099855 0.011152
0 0.806078 0.099133 0.081042 0.017348
2 0.393994 0.337051 0.007959 0.389095
0 0.844428 0.545849 0.076700 0.016109
2 0.361071 0.864932 0.007236 0.066914
0 0.840087 0.545229 0.089725 0.012392
