2 0.360709 0.127014 0.006512 0.177200
2 0.327424 0.333953 0.006512 0.102850
2 0.799566 0.096035 0.005789 0.115242
2 0.614327 0.513631 0.007236 0.159851
0 0.809696 0.231722 0.073806 0.009913
0 0.790883 0.263321 0.082489 0.008674
0 0.760854 0.306691 0.083213 0.008674
0 0.728292 0.352540 0.081766 0.008674
0 0.430897 0.305452 0.288712 0.021066
0 0.690304 0.294919 0.120116 0.009913
0 0.671129 0.463445 0.083213 0.034696
0 0.103111 0.644981 0.128075 0.008674
0 0.027135 0.674721 0.044139 0.013631
0 0.576339 0.674721 0.834298 0.016109
1 0.351302 0.257125 0.054269 0.090458
1 0.418234 0.618959 0.049204 0.102850
1 0.469609 0.577447 0.053546 0.029740
