1 0.334298 0.558860 0.054993 0.096654
0 0.628437 0.780050 0.086107 0.028501
0 0.748915 0.576208 0.082489 0.009913
0 0.769899 0.547088 0.076700 0.013631
0 0.720333 0.619579 0.080318 0.009913
0 0.685601 0.666667 0.083213 0.012392
2 0.760492 0.271995 0.010130 0.390335
2 0.287265 0.648079 0.010130 0.104089
0 0.390376 0.617100 0.285818 0.014870
0 0.416064 0.155514 0.600579 0.040892
0 0.979740 0.295539 0.036179 0.013631
0 0.653039 0.607807 0.107815 0.011152
2 0.320550 0.335812 0.007236 0.386617
0 0.725760 0.099133 0.075253 0.019827
0 0.355282 0.615242 0.217077 0.013631
