1 0.734443 0.623916 0.053546 0.100372
1 0.456946 0.622057 0.055716 0.101611
0 0.706223 0.463445 0.078148 0.024783
0 0.820912 0.261462 0.081766 0.009913
2 0.361433 0.332714 0.009407 0.102850
0 0.045586 0.674721 0.079595 0.013631
0 0.760854 0.351301 0.083213 0.011152
1 0.898336 0.623296 0.048480 0.091698
0 0.844067 0.232342 0.074530 0.008674
0 0.458755 0.301115 0.274964 0.012392
2 0.648336 0.509913 0.010130 0.152416
1 0.620478 0.617100 0.058611 0.104089
0 0.797757 0.306072 0.077424 0.009913
2 0.833575 0.092317 0.005789 0.112763
2 0.394718 0.126394 0.006512 0.178439
2 0.395441 0.127633 0.006512 0.180917
2 0.360347 0.550805 0.005789 0.063197
0 0.139653 0.643123 0.121563 0.009913
0 0.760854 0.353779 0.083213 0.013631
0 0.823444 0.260223 0.083936 0.012392
0 0.729378 0.293680 0.105644 0.009913
1 0.371201 0.623296 0.050651 0.096654
