1 0.945731 0.618959 0.057887 0.100372
2 0.400868 0.516109 0.010130 0.167286
2 0.146527 0.127633 0.006512 0.175960
0 0.574168 0.261462 0.075977 0.009913
0 0.458394 0.465304 0.077424 0.028501
2 0.113965 0.571252 0.009407 0.101611
1 0.847685 0.622677 0.057164 0.095415
2 0.586469 0.095415 0.006512 0.114002
0 0.209117 0.301735 0.277858 0.016109
1 0.121563 0.254647 0.047757 0.092937
0 0.596237 0.231103 0.075253 0.008674
2 0.112518 0.567534 0.006512 0.101611
2 0.937771 0.112763 0.004342 0.148699
0 0.513386 0.354399 0.083213 0.012392
2 0.113965 0.333953 0.009407 0.092937
2 0.586107 0.096035 0.005789 0.115242
2 0.937771 0.409542 0.004342 0.182156
1 0.216353 0.630731 0.031838 0.089219
1 0.259045 0.627633 0.053546 0.092937
0 0.521346 0.674721 0.942836 0.016109
