1 0.147250 0.118340 0.049928 0.097893
1 0.204052 0.120198 0.036179 0.094176
0 0.727569 0.659851 0.081766 0.011152
0 0.666064 0.774473 0.089001 0.027261
0 0.787988 0.570012 0.083936 0.009913
0 0.808973 0.539033 0.078148 0.014870
0 0.425109 0.610905 0.277135 0.014870
0 0.766643 0.614002 0.067294 0.008674
2 0.325253 0.640025 0.010854 0.102850
2 0.358538 0.332094 0.010854 0.396530
0 0.707308 0.604709 0.097685 0.012392
2 0.799928 0.267038 0.009407 0.397770
0 0.787627 0.091698 0.123734 0.017348
0 0.446816 0.149938 0.596961 0.039653
