1 0.028944 0.620818 0.050651 0.099133
1 0.327424 0.254647 0.052822 0.095415
1 0.727569 0.245353 0.051375 0.089219
1 0.347323 0.623916 0.052098 0.095415
0 0.464544 0.301735 0.276411 0.013631
0 0.761577 0.350682 0.081766 0.009913
0 0.044139 0.674721 0.079595 0.013631
2 0.395080 0.127633 0.005789 0.180917
2 0.361433 0.335812 0.009407 0.096654
0 0.794501 0.307311 0.082489 0.009913
2 0.833936 0.091078 0.006512 0.110285
0 0.138567 0.644362 0.129522 0.012392
0 0.721056 0.293680 0.113603 0.009913
0 0.703329 0.463445 0.088278 0.019827
0 0.609986 0.679678 0.738061 0.026022
1 0.888929 0.626394 0.044139 0.087980
0 0.761216 0.353160 0.081042 0.014870
