1 0.482996 0.254027 0.052822 0.094176
1 0.338278 0.250310 0.054269 0.096654
1 0.873734 0.621437 0.057164 0.100372
1 0.726122 0.247831 0.054269 0.094176
1 0.402315 0.250929 0.053546 0.095415
1 0.054631 0.621437 0.060058 0.100372
0 0.762663 0.351301 0.082489 0.011152
0 0.044501 0.675341 0.077424 0.014870
0 0.464544 0.302354 0.277858 0.017348
1 0.228292 0.627633 0.051375 0.090458
2 0.395441 0.123916 0.006512 0.173482
2 0.833936 0.095415 0.006512 0.116481
0 0.822359 0.262082 0.081766 0.011152
0 0.140014 0.645601 0.125181 0.012392
2 0.361433 0.335192 0.010854 0.097893
0 0.845152 0.232962 0.075253 0.009913
0 0.710564 0.460967 0.070912 0.022305
0 0.795586 0.306072 0.084660 0.009913
0 0.709479 0.296159 0.145441 0.012392
1 0.741317 0.607187 0.052822 0.091698
0 0.592981 0.674721 0.799566 0.016109
