1 0.855282 0.619579 0.057887 0.104089
1 0.978654 0.629492 0.039797 0.094176
0 0.539436 0.463445 0.071635 0.024783
2 0.663531 0.092317 0.007236 0.115242
0 0.624096 0.305452 0.081766 0.008674
0 0.589363 0.350062 0.086107 0.011152
0 0.289074 0.301115 0.275687 0.012392
0 0.651592 0.260223 0.081766 0.009913
0 0.673300 0.231722 0.074530 0.009913
2 0.192475 0.572491 0.007236 0.106568
2 0.223227 0.125774 0.009407 0.177200
2 0.189942 0.330855 0.007959 0.104089
2 0.190304 0.570632 0.007236 0.105328
0 0.548119 0.292441 0.115051 0.009913
