1 0.908104 0.623916 0.057887 0.102850
1 0.603111 0.621437 0.064399 0.102850
0 0.458032 0.463445 0.079595 0.024783
2 0.146527 0.126394 0.006512 0.173482
2 0.585745 0.095415 0.006512 0.118959
2 0.113603 0.330855 0.007236 0.099133
2 0.113603 0.556382 0.005789 0.074349
2 0.400507 0.512392 0.010854 0.159851
2 0.937410 0.110285 0.005065 0.146221
0 0.512663 0.350682 0.084660 0.009913
0 0.595876 0.232342 0.077424 0.008674
0 0.211650 0.301115 0.269899 0.012392
2 0.398698 0.512392 0.010130 0.157373
0 0.575253 0.261462 0.083936 0.009913
2 0.938495 0.409542 0.007236 0.184634
0 0.547033 0.304833 0.083936 0.009913
2 0.937771 0.522305 0.011577 0.055762
0 0.483357 0.293680 0.095514 0.009913
