1 0.291245 0.618959 0.055716 0.102850
1 0.973589 0.621437 0.047033 0.097893
1 0.226845 0.244734 0.054269 0.105328
1 0.227569 0.628253 0.051375 0.091698
1 0.474313 0.231722 0.051375 0.091698
1 0.496020 0.627014 0.054269 0.091698
2 0.585384 0.094176 0.005789 0.116481
0 0.458032 0.464064 0.078148 0.026022
2 0.937410 0.109665 0.005065 0.147460
0 0.573082 0.260843 0.081042 0.008674
2 0.146527 0.125774 0.006512 0.177200
1 0.095514 0.627014 0.039074 0.086741
2 0.112880 0.332094 0.008683 0.094176
0 0.511939 0.350682 0.083213 0.009913
0 0.548119 0.306072 0.075977 0.009913
2 0.938133 0.522924 0.010854 0.054523
2 0.400507 0.515489 0.010854 0.163569
2 0.938133 0.410781 0.007959 0.184634
0 0.595152 0.232342 0.074530 0.008674
2 0.113242 0.560719 0.005065 0.083024
0 0.206585 0.300496 0.264110 0.016109
1 0.371563 0.231103 0.047033 0.080545
1 0.109986 0.249071 0.020260 0.094176
2 0.115051 0.560719 0.007236 0.087980
0 0.483719 0.292441 0.100579 0.009913
