1 0.867583 0.931227 0.052098 0.095415
1 0.410999 0.564436 0.034732 0.090458
0 0.705861 0.771995 0.075977 0.027261
1 0.353473 0.558240 0.052822 0.097893
0 0.845514 0.539653 0.077424 0.016109
0 0.472865 0.151177 0.611433 0.044610
1 0.442836 0.558860 0.039074 0.094176
0 0.821997 0.570632 0.085384 0.011152
0 0.796310 0.614622 0.081766 0.009913
2 0.361071 0.647460 0.010130 0.092937
0 0.761216 0.659232 0.082489 0.009913
2 0.835022 0.267038 0.010130 0.400248
0 0.456223 0.610905 0.274240 0.014870
0 0.803546 0.092317 0.083213 0.016109
1 0.436324 0.561338 0.028944 0.091698
2 0.393994 0.338290 0.007959 0.416357
0 0.731187 0.603470 0.104920 0.012392
