1 0.914255 0.929368 0.054269 0.096654
1 0.019899 0.930607 0.035456 0.096654
0 0.464544 0.771995 0.076700 0.027261
0 0.599855 0.538414 0.078148 0.013631
2 0.117945 0.639405 0.010130 0.101611
0 0.312952 0.145601 0.455137 0.033457
2 0.117583 0.879182 0.006512 0.102850
2 0.943560 0.459727 0.008683 0.242875
0 0.218524 0.610285 0.282200 0.013631
2 0.591534 0.265799 0.009407 0.402726
0 0.866136 0.291202 0.144718 0.019827
0 0.581404 0.568154 0.078871 0.011152
2 0.943560 0.588600 0.010130 0.071871
0 0.561505 0.612763 0.060781 0.011152
2 0.151592 0.325898 0.009407 0.394052
0 0.496744 0.601611 0.120839 0.011152
2 0.943560 0.814746 0.010130 0.115242
0 0.584298 0.087361 0.125181 0.013631
