1 0.442475 0.556382 0.054269 0.101611
1 0.280029 0.101611 0.059334 0.104089
1 0.367945 0.560719 0.051375 0.097893
1 0.701881 0.099133 0.053546 0.099133
1 0.315485 0.563817 0.049204 0.096654
1 0.625543 0.545849 0.054269 0.102850
0 0.652315 0.772615 0.078871 0.026022
2 0.306440 0.644981 0.010854 0.095415
0 0.789074 0.538414 0.074530 0.013631
0 0.401954 0.611524 0.265557 0.016109
0 0.429450 0.151797 0.649059 0.045849
0 0.768090 0.570012 0.080318 0.009913
1 0.801737 0.930607 0.034732 0.091698
0 0.708032 0.660471 0.078871 0.012392
2 0.780753 0.276332 0.010130 0.413879
2 0.340449 0.328996 0.007959 0.390335
0 0.740593 0.613383 0.080318 0.009913
0 0.670767 0.602230 0.114327 0.012392
0 0.783285 0.089839 0.100579 0.016109
0 0.787627 0.086741 0.091896 0.017348
1 0.749638 0.065675 0.031838 0.061958
2 0.307525 0.861834 0.007236 0.068154
0 0.642909 0.602230 0.174385 0.012392
