1 0.294863 0.118340 0.054269 0.097893
1 0.349493 0.579306 0.053546 0.092937
1 0.198263 0.135068 0.054993 0.096654
0 0.810781 0.555143 0.075977 0.012392
0 0.673661 0.788104 0.081042 0.027261
2 0.329233 0.659851 0.010130 0.095415
0 0.730101 0.675341 0.079595 0.012392
1 0.982272 0.944238 0.034009 0.081784
2 0.802098 0.282528 0.009407 0.413879
0 0.451881 0.164188 0.602750 0.040892
1 0.904124 0.943618 0.052822 0.080545
0 0.424747 0.625774 0.272069 0.017348
2 0.362156 0.342007 0.007959 0.384139
0 0.695007 0.618340 0.109262 0.012392
1 0.187048 0.944238 0.036903 0.079306
0 0.791606 0.582404 0.085384 0.014870
0 0.762301 0.631351 0.081766 0.016109
0 0.788350 0.102230 0.116498 0.018587
1 0.486614 0.102850 0.032562 0.099133
0 0.788712 0.104709 0.112880 0.016109
2 0.802460 0.219331 0.008683 0.277571
2 0.327424 0.870508 0.007959 0.063197
0 0.686324 0.617100 0.133864 0.012392
