1 0.540521 0.420694 0.054993 0.097893
1 0.808611 0.627633 0.052822 0.095415
1 0.263025 0.255266 0.054269 0.094176
1 0.154848 0.255266 0.057887 0.096654
2 0.644718 0.096654 0.005789 0.116481
2 0.205861 0.127014 0.006512 0.177200
0 0.267004 0.302974 0.280753 0.016109
0 0.636397 0.260843 0.080318 0.011152
2 0.459117 0.505576 0.007959 0.153656
0 0.655933 0.232962 0.074530 0.009913
1 0.151954 0.613383 0.054993 0.106568
1 0.336107 0.627014 0.065847 0.096654
0 0.572359 0.351921 0.081042 0.009913
2 0.172214 0.338910 0.007236 0.095415
0 0.654486 0.230483 0.073082 0.007435
0 0.518090 0.468401 0.083936 0.024783
0 0.607091 0.305452 0.076700 0.008674
0 0.571997 0.353160 0.081766 0.014870
1 0.325977 0.626394 0.045586 0.095415
0 0.574891 0.302354 0.143994 0.012392
0 0.500000 0.673482 0.988423 0.016109
