1 0.361071 0.624535 0.056440 0.101611
1 0.970695 0.620818 0.052822 0.099133
1 0.228292 0.247831 0.054269 0.094176
1 0.438495 0.405824 0.053546 0.105328
1 0.164978 0.623296 0.041968 0.096654
2 0.146527 0.126394 0.006512 0.175960
2 0.585745 0.094796 0.006512 0.117720
0 0.458394 0.465304 0.080318 0.028501
2 0.937410 0.110285 0.005065 0.146221
2 0.114327 0.331475 0.007236 0.100372
0 0.210564 0.300496 0.269175 0.013631
0 0.512663 0.351301 0.084660 0.008674
2 0.112880 0.568154 0.005789 0.092937
0 0.574530 0.261462 0.083936 0.009913
0 0.596237 0.232342 0.076700 0.008674
1 0.310781 0.244734 0.051375 0.095415
2 0.938495 0.413259 0.007236 0.192069
0 0.547033 0.304833 0.079595 0.009913
2 0.938133 0.522305 0.010854 0.053284
2 0.398336 0.516109 0.009407 0.154895
1 0.475398 0.223048 0.054993 0.039653
0 0.486614 0.292441 0.087554 0.009913
