0 0.653763 0.463445 0.078871 0.024783
2 0.595876 0.515489 0.009407 0.161090
2 0.781114 0.093556 0.006512 0.112763
0 0.769537 0.260223 0.081766 0.009913
0 0.707670 0.351301 0.083936 0.011152
2 0.307887 0.332714 0.009407 0.100372
0 0.791606 0.232962 0.073806 0.009913
2 0.342258 0.127633 0.005789 0.180917
0 0.403763 0.301115 0.270622 0.012392
1 0.019899 0.617720 0.034009 0.068154
0 0.741317 0.304833 0.083213 0.009913
0 0.083936 0.643742 0.127352 0.011152
0 0.083575 0.641264 0.129522 0.011152
2 0.308249 0.572491 0.005789 0.096654
0 0.676918 0.293680 0.102026 0.009913
2 0.782562 0.092937 0.009407 0.111524
