1 0.320912 0.253408 0.049928 0.100372
0 0.710926 0.350062 0.083213 0.011152
2 0.784009 0.095415 0.006512 0.114002
2 0.598046 0.514870 0.009407 0.164808
2 0.345152 0.126394 0.005789 0.175960
2 0.310420 0.339529 0.008683 0.094176
1 0.220695 0.620198 0.054993 0.100372
0 0.084660 0.644362 0.137482 0.012392
0 0.794501 0.232962 0.075253 0.009913
0 0.771708 0.261462 0.080318 0.009913
0 0.746382 0.305452 0.081766 0.008674
1 0.868307 0.617720 0.052098 0.105328
0 0.667873 0.464684 0.102750 0.022305
0 0.679088 0.294919 0.115051 0.012392
0 0.017728 0.677200 0.029667 0.013631
0 0.411722 0.304833 0.282200 0.017348
0 0.568017 0.680917 0.850941 0.026022
