1 0.589363 0.708798 0.052822 0.104089
1 0.198263 0.101611 0.050651 0.104089
0 0.626990 0.772615 0.081766 0.026022
1 0.411360 0.087361 0.049928 0.100372
0 0.411722 0.146221 0.610709 0.039653
0 0.767728 0.539653 0.075253 0.016109
2 0.283647 0.643742 0.010130 0.097893
1 0.824530 0.925651 0.052822 0.101611
2 0.757236 0.273234 0.009407 0.407683
1 0.311505 0.559480 0.036903 0.092937
0 0.383502 0.610905 0.274964 0.014870
0 0.717077 0.614002 0.081042 0.011152
1 0.009045 0.937423 0.016643 0.100372
0 0.745658 0.570012 0.083213 0.009913
0 0.683792 0.659232 0.083936 0.009913
0 0.748553 0.088600 0.119392 0.016109
0 0.645803 0.602230 0.104920 0.009913
0 0.977569 0.290582 0.043415 0.013631
2 0.317294 0.350062 0.007959 0.425031
0 0.748191 0.091078 0.121563 0.016109
1 0.805716 0.060719 0.039797 0.052045
0 0.624096 0.602230 0.151230 0.012392
1 0.326700 0.558860 0.065847 0.096654
2 0.318017 0.283767 0.007959 0.307311
0 0.680174 0.661090 0.079595 0.011152
