1 0.646527 0.551425 0.055716 0.096654
1 0.834660 0.934325 0.051375 0.091698
1 0.487699 0.563197 0.036179 0.092937
1 0.756151 0.104709 0.052098 0.095415
1 0.314399 0.102230 0.045586 0.095415
1 0.353473 0.562577 0.052822 0.096654
1 0.522793 0.083643 0.049928 0.097893
0 0.706223 0.771995 0.076700 0.027261
0 0.475036 0.150558 0.651954 0.043371
0 0.845514 0.539033 0.075977 0.014870
2 0.359624 0.647460 0.010130 0.092937
0 0.462735 0.611524 0.277135 0.016109
0 0.814399 0.092317 0.058611 0.016109
0 0.823082 0.570012 0.081766 0.009913
2 0.835022 0.267658 0.010130 0.399009
1 0.379522 0.083024 0.049928 0.091698
1 0.447540 0.541512 0.051375 0.057001
0 0.806078 0.614622 0.062229 0.009913
2 0.394356 0.333953 0.007236 0.377943
0 0.706585 0.604089 0.062952 0.013631
0 0.764472 0.658612 0.087554 0.011152
1 0.447540 0.559480 0.049928 0.095415
