1 0.864327 0.622057 0.054269 0.099133
2 0.585384 0.094176 0.005789 0.116481
0 0.458032 0.464064 0.078148 0.026022
2 0.937410 0.109665 0.005065 0.147460
0 0.573444 0.260843 0.081766 0.008674
2 0.112518 0.331475 0.007959 0.100372
0 0.511939 0.350682 0.083213 0.009913
2 0.113242 0.570632 0.006512 0.102850
2 0.146527 0.125774 0.006512 0.177200
0 0.209117 0.302354 0.270622 0.012392
0 0.548119 0.306072 0.075977 0.009913
2 0.938133 0.411400 0.007959 0.185874
2 0.400507 0.511152 0.010854 0.164808
0 0.595152 0.232342 0.074530 0.008674
2 0.938133 0.522924 0.010854 0.057001
0 0.484443 0.293061 0.099132 0.008674
