1 0.310058 0.623296 0.052822 0.096654
1 0.905933 0.623296 0.053546 0.096654
1 0.526411 0.405824 0.054269 0.095415
1 0.350579 0.250929 0.054269 0.097893
1 0.264110 0.250310 0.047757 0.094176
1 0.256512 0.629492 0.051375 0.091698
1 0.729378 0.622677 0.059334 0.097893
0 0.619392 0.351921 0.083936 0.009913
0 0.562229 0.464684 0.085384 0.024783
2 0.692836 0.093556 0.006512 0.115242
0 0.031114 0.644362 0.052098 0.009913
2 0.253256 0.124535 0.007236 0.172243
0 0.703329 0.232962 0.075253 0.009913
0 0.680897 0.260843 0.081042 0.008674
0 0.651954 0.305452 0.079595 0.008674
0 0.322359 0.301115 0.282923 0.014870
2 0.220695 0.555143 0.005789 0.074349
0 0.583575 0.294300 0.117945 0.011152
2 0.507598 0.496902 0.007959 0.104089
1 0.587554 0.225527 0.052098 0.044610
0 0.617945 0.353779 0.078148 0.013631
