1 0.171491 0.123296 0.054993 0.095415
1 0.670405 0.724287 0.054269 0.097893
1 0.581404 0.566295 0.047033 0.094176
1 0.730101 0.552664 0.053546 0.096654
1 0.696816 0.103470 0.050651 0.095415
1 0.375904 0.103470 0.038350 0.095415
1 0.852750 0.931846 0.058611 0.099133
1 0.965991 0.938662 0.052098 0.087980
1 0.023155 0.933086 0.043415 0.099133
1 0.513386 0.093556 0.054269 0.097893
1 0.163893 0.928748 0.051375 0.092937
0 0.473951 0.153656 0.615051 0.042131
0 0.685962 0.776332 0.083936 0.026022
2 0.342981 0.646221 0.010130 0.097893
0 0.776411 0.615861 0.083936 0.009913
0 0.803907 0.572491 0.081042 0.009913
2 0.376628 0.331475 0.009407 0.390335
0 0.743488 0.662330 0.083213 0.011152
0 0.692475 0.605948 0.137482 0.012392
2 0.816932 0.268897 0.010130 0.401487
0 0.441751 0.614002 0.274240 0.013631
0 0.798842 0.093556 0.105644 0.016109
1 0.487699 0.565675 0.037627 0.092937
0 0.825615 0.540273 0.078148 0.017348
0 0.798480 0.091078 0.103473 0.016109
2 0.342258 0.865551 0.007236 0.070632
0 0.827062 0.543371 0.079595 0.011152
0 0.698987 0.607187 0.127352 0.012392
