1 0.847323 0.938662 0.052098 0.090458
1 0.426556 0.566914 0.051375 0.095415
1 0.740232 0.108426 0.053546 0.095415
1 0.378075 0.564436 0.049928 0.095415
1 0.940666 0.939281 0.053546 0.089219
1 0.573082 0.564436 0.053546 0.095415
1 0.344790 0.097274 0.052822 0.105328
0 0.706585 0.776952 0.077424 0.024783
0 0.466353 0.617100 0.288712 0.017348
2 0.360709 0.650558 0.009407 0.091698
0 0.845152 0.546468 0.076700 0.014870
0 0.480825 0.156134 0.643271 0.042131
2 0.835022 0.265799 0.010130 0.402726
0 0.823082 0.575589 0.084660 0.011152
0 0.773517 0.662330 0.109986 0.011152
2 0.394356 0.334572 0.008683 0.384139
0 0.796671 0.618340 0.083936 0.009913
0 0.803546 0.099133 0.073082 0.019827
0 0.731548 0.609046 0.099855 0.013631
2 0.362880 0.864312 0.006512 0.065675
0 0.446816 0.614622 0.240955 0.014870
