1 0.854559 0.936183 0.054993 0.090458
1 0.283285 0.090458 0.042692 0.099133
0 0.646889 0.771995 0.078148 0.027261
0 0.423300 0.150558 0.600579 0.040892
0 0.784732 0.539033 0.077424 0.014870
1 0.384949 0.553903 0.057887 0.106568
2 0.301013 0.642503 0.010130 0.097893
0 0.762663 0.570012 0.083936 0.009913
0 0.702243 0.659851 0.081766 0.011152
0 0.734805 0.614622 0.081766 0.009913
0 0.398336 0.611524 0.271346 0.013631
2 0.775326 0.265180 0.010854 0.396530
2 0.334298 0.325898 0.008683 0.389095
0 0.764472 0.089219 0.129522 0.014870
0 0.764472 0.086121 0.129522 0.016109
0 0.668234 0.602850 0.109262 0.011152
1 0.020622 0.921314 0.036903 0.075589
0 0.733719 0.612144 0.076700 0.012392
