1 0.671852 0.623296 0.055716 0.099133
1 0.891100 0.628253 0.045586 0.091698
0 0.690666 0.462825 0.078871 0.023544
0 0.743849 0.351921 0.085384 0.009913
1 0.842258 0.594796 0.050651 0.057001
2 0.632779 0.514870 0.009407 0.162330
2 0.817294 0.092937 0.006512 0.114002
0 0.828509 0.232342 0.075253 0.008674
1 0.499276 0.618959 0.053546 0.105328
0 0.805355 0.260843 0.081042 0.008674
0 0.776049 0.305452 0.080318 0.008674
0 0.036541 0.674102 0.061505 0.014870
0 0.443560 0.301735 0.277858 0.013631
2 0.344790 0.333953 0.009407 0.102850
1 0.841896 0.616481 0.051375 0.100372
2 0.379884 0.122057 0.005789 0.174721
2 0.378437 0.125774 0.005789 0.179678
0 0.712735 0.293680 0.104197 0.009913
0 0.121925 0.645601 0.128075 0.012392
