1 0.665340 0.552664 0.052822 0.094176
1 0.034732 0.929368 0.059334 0.101611
1 0.896889 0.930607 0.052822 0.094176
1 0.520260 0.091078 0.053546 0.097893
0 0.706585 0.772615 0.075977 0.026022
0 0.478292 0.151177 0.623734 0.042131
0 0.844790 0.539033 0.077424 0.014870
2 0.834298 0.276332 0.010130 0.381660
0 0.460564 0.611524 0.271346 0.013631
2 0.357815 0.646840 0.009407 0.096654
0 0.718524 0.604089 0.120116 0.013631
0 0.794501 0.614622 0.081042 0.009913
0 0.821635 0.569393 0.084660 0.011152
0 0.761216 0.659232 0.081042 0.009913
1 0.515557 0.553903 0.055716 0.101611
2 0.394356 0.330235 0.007236 0.390335
1 0.516643 0.532838 0.056440 0.057001
1 0.812229 0.081165 0.051375 0.092937
2 0.360709 0.861214 0.007959 0.066914
