1 0.034009 0.924411 0.059334 0.104089
0 0.703690 0.770756 0.081766 0.027261
2 0.361071 0.641884 0.010130 0.099133
1 0.647974 0.526642 0.052822 0.064436
2 0.835022 0.263941 0.011577 0.389095
0 0.844428 0.537794 0.075253 0.012392
0 0.761939 0.659232 0.082489 0.012392
0 0.794139 0.612763 0.083213 0.011152
0 0.823806 0.568773 0.084660 0.012392
0 0.725036 0.602230 0.115774 0.012392
0 0.458394 0.609046 0.271346 0.013631
1 0.647974 0.538414 0.052822 0.090458
2 0.395441 0.328377 0.007959 0.386617
0 0.806078 0.085502 0.086831 0.017348
0 0.482634 0.150558 0.602026 0.040892
