2 0.145803 0.125774 0.005065 0.177200
2 0.112518 0.333333 0.006512 0.101611
2 0.112518 0.571871 0.006512 0.097893
2 0.400507 0.513631 0.007959 0.159851
2 0.586831 0.096035 0.005789 0.115242
2 0.938133 0.114002 0.003618 0.151177
2 0.938133 0.412020 0.003618 0.179678
2 0.938495 0.523544 0.008683 0.043371
0 0.213459 0.302974 0.277858 0.013631
0 0.497829 0.295539 0.079595 0.008674
0 0.595876 0.231722 0.075977 0.009913
0 0.576339 0.261462 0.081766 0.007435
0 0.546310 0.305452 0.082489 0.008674
0 0.514472 0.351921 0.082489 0.009913
0 0.468524 0.465304 0.055716 0.030979
0 0.499638 0.674102 0.987699 0.014870
1 0.273878 0.252788 0.022431 0.094176
1 0.455137 0.246592 0.034732 0.091698
1 0.379884 0.241636 0.021708 0.096654
1 0.426918 0.414498 0.053546 0.095415
1 0.063676 0.623916 0.053546 0.092937
