1 0.471780 0.716853 0.053546 0.102850
1 0.913893 0.939901 0.053546 0.087980
0 0.526049 0.780050 0.076700 0.026022
0 0.664978 0.547708 0.073806 0.012392
0 0.278220 0.618959 0.278582 0.013631
0 0.644718 0.578686 0.083936 0.009913
2 0.181621 0.646840 0.010130 0.101611
2 0.654486 0.277571 0.010854 0.403965
0 0.927641 0.299257 0.136035 0.023544
0 0.618307 0.621437 0.073082 0.008674
0 0.345514 0.152416 0.513025 0.034696
0 0.646165 0.097893 0.123010 0.017348
2 0.214906 0.333953 0.007236 0.395291
0 0.583575 0.666667 0.081766 0.012392
0 0.614689 0.619579 0.080318 0.009913
0 0.925109 0.295539 0.142547 0.021066
1 0.803546 0.934325 0.032562 0.091698
0 0.557164 0.612763 0.114327 0.011152
0 0.579957 0.673482 0.084660 0.016109
0 0.552098 0.610905 0.114327 0.009913
