0 0.621925 0.789343 0.075977 0.024783
0 0.759768 0.557001 0.075253 0.013631
0 0.406295 0.164808 0.592619 0.039653
0 0.709841 0.632590 0.082489 0.013631
2 0.275687 0.657993 0.010130 0.099133
0 0.677279 0.677200 0.081042 0.011152
0 0.973951 0.309170 0.044863 0.018587
0 0.736975 0.588600 0.083213 0.014870
2 0.308973 0.348823 0.008683 0.412639
0 0.740593 0.107187 0.130970 0.018587
0 0.641462 0.619579 0.100579 0.009913
2 0.750362 0.274473 0.011577 0.402726
0 0.369754 0.629492 0.280753 0.012392
0 0.372648 0.625774 0.277858 0.017348
