1 0.716353 0.623296 0.053546 0.096654
1 0.624096 0.620198 0.058611 0.102850
1 0.825615 0.623296 0.054993 0.099133
2 0.401230 0.495663 0.009407 0.126394
2 0.146527 0.127014 0.006512 0.172243
1 0.133502 0.255266 0.055716 0.094176
0 0.458394 0.465304 0.077424 0.028501
0 0.577424 0.262082 0.082489 0.011152
2 0.113965 0.571871 0.009407 0.102850
2 0.586469 0.095415 0.006512 0.114002
2 0.938133 0.523544 0.010854 0.055762
0 0.596237 0.231103 0.075253 0.008674
0 0.209117 0.302354 0.276411 0.014870
2 0.112518 0.568773 0.006512 0.101611
2 0.937771 0.112763 0.004342 0.148699
1 0.399783 0.616481 0.035456 0.100372
2 0.113965 0.335192 0.009407 0.092937
2 0.585022 0.096035 0.007959 0.115242
2 0.939580 0.414498 0.007959 0.192069
0 0.480101 0.293061 0.102026 0.011152
0 0.513748 0.352540 0.083936 0.008674
0 0.546671 0.306691 0.083213 0.011152
0 0.544501 0.674102 0.899421 0.017348
