1 0.633140 0.400867 0.053546 0.100372
1 0.259045 0.249071 0.053546 0.096654
1 0.415340 0.623296 0.053546 0.096654
1 0.772793 0.617100 0.053546 0.096654
1 0.329233 0.622677 0.054993 0.100372
0 0.624096 0.464064 0.081766 0.026022
0 0.742402 0.260843 0.082489 0.008674
2 0.566570 0.513011 0.008683 0.158612
2 0.278944 0.335192 0.009407 0.097893
2 0.752533 0.093556 0.007236 0.112763
0 0.683792 0.351921 0.075253 0.009913
0 0.385673 0.301735 0.282200 0.011152
0 0.715630 0.305452 0.075253 0.008674
0 0.761939 0.232962 0.072359 0.009913
2 0.312952 0.123296 0.006512 0.172243
0 0.061867 0.643742 0.113603 0.011152
1 0.664255 0.626394 0.047757 0.085502
2 0.314761 0.123916 0.007236 0.173482
0 0.682344 0.353779 0.075253 0.013631
