1 0.195369 0.110905 0.054993 0.097893
1 0.364327 0.555143 0.052822 0.099133
0 0.677641 0.772615 0.075977 0.026022
2 0.330680 0.641884 0.010130 0.094176
0 0.453329 0.151177 0.628799 0.042131
0 0.814761 0.539653 0.076700 0.016109
2 0.804993 0.271995 0.010854 0.407683
1 0.056440 0.913879 0.052098 0.080545
0 0.791968 0.570632 0.084660 0.011152
0 0.732996 0.659232 0.082489 0.009913
0 0.766281 0.614622 0.079595 0.009913
0 0.420767 0.610905 0.251085 0.012392
0 0.797395 0.089839 0.108538 0.016109
0 0.793415 0.086741 0.116498 0.017348
2 0.331404 0.860595 0.005789 0.065675
0 0.798480 0.092937 0.112156 0.014870
2 0.365412 0.326518 0.007236 0.387856
1 0.645803 0.087361 0.052822 0.107807
0 0.093343 0.953532 0.162084 0.013631
0 0.378075 0.610285 0.167149 0.013631
