1 0.850217 0.935564 0.053546 0.094176
1 0.086107 0.933705 0.056440 0.100372
1 0.979378 0.936803 0.041245 0.096654
0 0.471056 0.782528 0.082489 0.028501
1 0.337916 0.557621 0.050651 0.096654
0 0.610347 0.547708 0.073082 0.012392
2 0.126266 0.646840 0.009407 0.101611
0 0.227207 0.618340 0.287988 0.014870
2 0.600217 0.271995 0.010854 0.400248
2 0.952605 0.834572 0.009407 0.078067
0 0.589725 0.578067 0.082489 0.008674
2 0.951881 0.472739 0.009407 0.249071
0 0.874457 0.298637 0.143994 0.017348
0 0.323082 0.152416 0.469609 0.034696
0 0.565123 0.621437 0.073806 0.008674
2 0.951881 0.597274 0.009407 0.064436
0 0.591172 0.096035 0.125904 0.016109
2 0.159551 0.332094 0.007959 0.389095
0 0.591534 0.100372 0.129522 0.017348
0 0.528220 0.667286 0.085384 0.013631
