2 0.395441 0.125155 0.006512 0.175960
2 0.835384 0.095415 0.005065 0.114002
2 0.649783 0.521685 0.008683 0.141264
2 0.362518 0.333953 0.007236 0.102850
0 0.459479 0.302974 0.274964 0.013631
0 0.740232 0.295539 0.091172 0.008674
0 0.708032 0.466543 0.075977 0.030979
0 0.044501 0.674721 0.078871 0.013631
0 0.605644 0.675341 0.775687 0.012392
0 0.116498 0.645601 0.083936 0.007435
0 0.845152 0.232342 0.075253 0.008674
0 0.825615 0.262701 0.082489 0.007435
0 0.795224 0.306691 0.081042 0.008674
0 0.763748 0.351301 0.081766 0.008674
1 0.379522 0.254027 0.054269 0.094176
1 0.625181 0.214994 0.054993 0.050805
1 0.677641 0.239777 0.042692 0.095415
1 0.650507 0.405824 0.054993 0.095415
1 0.210926 0.615861 0.032562 0.081784
1 0.915702 0.612763 0.052822 0.090458
1 0.563314 0.600991 0.055716 0.079306
