2 0.335384 0.125155 0.006512 0.178439
2 0.302822 0.333333 0.007959 0.101611
2 0.776411 0.094796 0.005789 0.115242
2 0.590449 0.513011 0.007236 0.158612
0 0.395441 0.304833 0.264110 0.014870
0 0.645441 0.294919 0.162084 0.012392
0 0.785818 0.232962 0.075253 0.009913
0 0.766281 0.263941 0.082489 0.009913
0 0.736252 0.307311 0.081766 0.007435
0 0.703690 0.352540 0.081766 0.008674
0 0.645803 0.466543 0.078871 0.023544
0 0.078509 0.643742 0.128075 0.011152
0 0.565123 0.677200 0.856729 0.016109
0 0.329957 0.255886 0.052098 0.092937
0 0.207670 0.607807 0.053546 0.090458
0 0.489146 0.628253 0.053546 0.094176
0 0.335384 0.631351 0.028220 0.087980
