1 0.913531 0.623916 0.055716 0.097893
1 0.777135 0.625774 0.053546 0.096654
1 0.442836 0.255886 0.052098 0.092937
1 0.654848 0.406444 0.053546 0.094176
1 0.381693 0.256506 0.052822 0.094176
1 0.026773 0.622057 0.047757 0.099133
0 0.044863 0.674721 0.079595 0.013631
1 0.556078 0.254027 0.048480 0.094176
0 0.708394 0.464684 0.075253 0.027261
1 0.288350 0.623296 0.060058 0.099133
1 0.227569 0.625774 0.054269 0.091698
0 0.457308 0.303594 0.266281 0.014870
0 0.845514 0.232342 0.074530 0.008674
2 0.833936 0.094796 0.006512 0.112763
2 0.395441 0.125155 0.006512 0.178439
0 0.136758 0.644362 0.127352 0.012392
0 0.759768 0.353160 0.078148 0.009913
2 0.361433 0.335812 0.010854 0.094176
1 0.689580 0.247212 0.054993 0.095415
1 0.421129 0.628253 0.031838 0.086741
0 0.825615 0.261462 0.083936 0.009913
2 0.650507 0.519827 0.010130 0.152416
2 0.360709 0.563817 0.005065 0.089219
1 0.571997 0.622057 0.048480 0.099133
0 0.798480 0.306072 0.077424 0.012392
0 0.594067 0.672862 0.800289 0.014870
