1 0.650507 0.723048 0.053546 0.095415
1 0.240955 0.104089 0.054993 0.101611
1 0.343343 0.565056 0.052822 0.094176
1 0.637482 0.549566 0.053546 0.095415
1 0.456223 0.562577 0.031114 0.096654
0 0.665702 0.773234 0.082489 0.027261
2 0.322721 0.646840 0.010130 0.096654
1 0.441027 0.092937 0.044139 0.094176
0 0.444284 0.149938 0.628075 0.039653
0 0.424023 0.611524 0.276411 0.016109
1 0.482996 0.558860 0.041245 0.099133
2 0.797033 0.271375 0.009407 0.399009
0 0.806802 0.539653 0.076700 0.016109
2 0.356368 0.328377 0.009407 0.389095
0 0.723951 0.659232 0.080318 0.009913
0 0.783647 0.570012 0.083936 0.009913
0 0.757236 0.614622 0.081766 0.009913
0 0.659913 0.604089 0.151954 0.013631
0 0.785094 0.092937 0.123010 0.017348
1 0.473227 0.560099 0.059334 0.099133
1 0.160999 0.917596 0.026773 0.063197
0 0.663893 0.600991 0.159913 0.014870
0 0.082851 0.953532 0.135311 0.013631
0 0.756151 0.612144 0.081042 0.012392
0 0.671129 0.605948 0.126628 0.012392
