0 0.696454 0.463445 0.080318 0.024783
2 0.637482 0.514870 0.008683 0.162330
0 0.750724 0.351301 0.084660 0.011152
0 0.811867 0.260843 0.082489 0.008674
0 0.038712 0.674721 0.065847 0.013631
0 0.832851 0.232342 0.073806 0.008674
2 0.822359 0.094176 0.007959 0.114002
0 0.783647 0.306072 0.076700 0.009913
0 0.448625 0.301115 0.274964 0.012392
2 0.384588 0.125774 0.006512 0.177200
2 0.350579 0.333333 0.010854 0.099133
0 0.126990 0.645601 0.128075 0.009913
0 0.813314 0.260223 0.083936 0.012392
2 0.351664 0.570632 0.008683 0.102850
0 0.124819 0.643742 0.128075 0.011152
