1 0.909190 0.623296 0.061505 0.099133
1 0.133502 0.255266 0.054269 0.096654
1 0.063676 0.623916 0.033285 0.087980
2 0.146527 0.125774 0.006512 0.174721
0 0.458394 0.464064 0.080318 0.026022
2 0.585745 0.094796 0.006512 0.117720
2 0.937410 0.110285 0.005065 0.146221
2 0.112518 0.574969 0.006512 0.101611
1 0.521346 0.619579 0.044139 0.099133
0 0.512301 0.351921 0.085384 0.009913
2 0.400507 0.500620 0.010854 0.136307
2 0.113965 0.333953 0.007959 0.090458
2 0.398336 0.505576 0.009407 0.141264
0 0.212735 0.302974 0.273517 0.013631
0 0.574891 0.261462 0.083213 0.009913
0 0.596237 0.232342 0.076700 0.008674
1 0.014110 0.627633 0.020984 0.090458
2 0.938495 0.413259 0.007236 0.192069
0 0.546671 0.304833 0.078871 0.009913
1 0.797395 0.623916 0.041968 0.097893
1 0.476122 0.221190 0.053546 0.040892
2 0.938857 0.516729 0.007959 0.034696
0 0.482634 0.292441 0.096961 0.009913
2 0.937771 0.529740 0.011577 0.035936
