1 0.574168 0.622677 0.057164 0.102850
1 0.622648 0.626394 0.047033 0.095415
1 0.827062 0.625155 0.053546 0.095415
1 0.510492 0.247212 0.051375 0.095415
1 0.268452 0.628253 0.053546 0.094176
1 0.374096 0.253408 0.054993 0.100372
1 0.247467 0.253408 0.034732 0.090458
0 0.618307 0.261462 0.083213 0.009913
0 0.555716 0.351301 0.079595 0.011152
2 0.627352 0.094796 0.007236 0.112763
2 0.188857 0.129492 0.008683 0.182156
0 0.637120 0.232962 0.075977 0.009913
0 0.253256 0.301735 0.277858 0.016109
0 0.501085 0.296159 0.151230 0.014870
2 0.152315 0.335812 0.007959 0.091698
0 0.591172 0.305452 0.085384 0.008674
2 0.154486 0.570012 0.007959 0.099133
0 0.500362 0.675960 0.989146 0.023544
2 0.979378 0.167286 0.006512 0.044610
2 0.979016 0.412020 0.004342 0.179678
2 0.980101 0.524783 0.009407 0.040892
