1 0.731548 0.098513 0.052098 0.097893
1 0.928365 0.936183 0.054993 0.090458
1 0.281838 0.106568 0.048480 0.099133
1 0.674023 0.548327 0.052822 0.097893
0 0.706585 0.772615 0.075977 0.026022
0 0.476122 0.150558 0.620839 0.043371
2 0.360709 0.644981 0.009407 0.097893
1 0.174747 0.916976 0.041245 0.069393
2 0.834298 0.266419 0.010130 0.401487
0 0.844790 0.539033 0.077424 0.014870
1 0.617221 0.543371 0.052098 0.095415
0 0.794863 0.614622 0.083213 0.009913
0 0.735166 0.604089 0.083936 0.013631
0 0.760492 0.659232 0.081042 0.009913
0 0.459841 0.610905 0.277135 0.014870
0 0.804993 0.092317 0.081766 0.016109
0 0.821997 0.570012 0.085384 0.009913
2 0.393994 0.329616 0.007959 0.396530
1 0.616860 0.520446 0.052822 0.049566
2 0.361071 0.861834 0.007236 0.068154
2 0.359986 0.864932 0.007959 0.071871
