2 0.146527 0.127014 0.006512 0.174721
0 0.458394 0.469021 0.080318 0.026022
2 0.112880 0.571252 0.005789 0.101611
2 0.113965 0.330855 0.007959 0.099133
2 0.585745 0.094796 0.006512 0.117720
0 0.212012 0.301735 0.269175 0.013631
2 0.937410 0.110285 0.005065 0.146221
0 0.574891 0.261462 0.083213 0.009913
1 0.959479 0.613383 0.056440 0.111524
2 0.400507 0.514250 0.010854 0.161090
0 0.546310 0.304833 0.083936 0.009913
0 0.512663 0.350062 0.086107 0.011152
0 0.595876 0.232342 0.077424 0.008674
2 0.938857 0.400867 0.006512 0.167286
0 0.483357 0.291202 0.096961 0.009913
