1 0.846599 0.939901 0.052098 0.087980
1 0.962373 0.936183 0.056440 0.090458
1 0.426918 0.716233 0.053546 0.104089
1 0.285456 0.571252 0.055716 0.091698
1 0.280029 0.099133 0.056440 0.096654
1 0.470695 0.552664 0.048480 0.076828
1 0.189580 0.939901 0.039074 0.085502
0 0.484443 0.780050 0.080318 0.026022
0 0.622287 0.548327 0.076700 0.011152
2 0.139291 0.647460 0.009407 0.100372
0 0.238784 0.619579 0.282200 0.014870
1 0.149783 0.938662 0.033285 0.085502
0 0.601664 0.577447 0.083213 0.009913
0 0.332851 0.152416 0.477569 0.034696
1 0.350579 0.579306 0.022431 0.075589
0 0.882417 0.299876 0.143994 0.017348
0 0.579233 0.622057 0.071635 0.009913
2 0.613242 0.275713 0.009407 0.395291
0 0.603835 0.097893 0.125181 0.017348
2 0.612880 0.398389 0.008683 0.127633
0 0.477931 0.608426 0.083213 0.009913
2 0.964544 0.483271 0.010130 0.272615
0 0.601664 0.102230 0.122287 0.016109
1 0.585384 0.068154 0.047757 0.069393
2 0.172938 0.336431 0.008683 0.380421
2 0.964906 0.817844 0.006512 0.111524
1 0.018813 0.940520 0.030391 0.084263
1 0.364327 0.575589 0.048480 0.083024
0 0.539797 0.666667 0.085384 0.012392
0 0.518813 0.615242 0.109986 0.011152
0 0.541245 0.619579 0.133140 0.012392
