1 0.477569 0.244734 0.056440 0.097893
1 0.532562 0.622057 0.053546 0.096654
1 0.674023 0.618340 0.058611 0.104089
1 0.053546 0.622057 0.056440 0.096654
1 0.744573 0.628253 0.052098 0.089219
1 0.738423 0.223048 0.052822 0.074349
1 0.685601 0.405204 0.052822 0.101611
0 0.706223 0.464064 0.078148 0.026022
2 0.648336 0.511152 0.010130 0.149938
0 0.821635 0.261462 0.081766 0.009913
0 0.043777 0.674721 0.077424 0.013631
2 0.361433 0.332714 0.009407 0.102850
1 0.615051 0.242255 0.050651 0.092937
0 0.762301 0.351301 0.080318 0.008674
0 0.844067 0.232342 0.074530 0.008674
0 0.796671 0.305452 0.079595 0.008674
0 0.457308 0.300496 0.273517 0.013631
2 0.362156 0.566295 0.006512 0.094176
2 0.833575 0.092317 0.005789 0.112763
2 0.394718 0.126394 0.006512 0.178439
0 0.137482 0.644981 0.124457 0.011152
2 0.395441 0.128253 0.006512 0.182156
0 0.762301 0.353160 0.081766 0.014870
0 0.823806 0.260223 0.084660 0.012392
0 0.138205 0.643123 0.123010 0.009913
0 0.733719 0.291822 0.095514 0.011152
2 0.650145 0.509913 0.010854 0.149938
