1 0.740955 0.115242 0.053546 0.094176
0 0.706223 0.782528 0.076700 0.026022
1 0.935601 0.942999 0.050651 0.081784
0 0.844790 0.549566 0.074530 0.013631
2 0.834298 0.275093 0.010130 0.396530
0 0.458755 0.619579 0.269175 0.012392
0 0.824168 0.579926 0.079595 0.009913
2 0.360709 0.653656 0.009407 0.095415
0 0.477207 0.159232 0.617221 0.043371
2 0.394356 0.337670 0.008683 0.387856
0 0.720333 0.615242 0.109262 0.011152
0 0.808973 0.101611 0.079595 0.017348
0 0.716715 0.616481 0.100579 0.011152
0 0.804269 0.622677 0.061505 0.011152
2 0.359624 0.869888 0.007236 0.064436
0 0.798119 0.625155 0.079595 0.011152
0 0.722865 0.612763 0.115774 0.011152
