1 0.290883 0.104709 0.054993 0.100372
1 0.408828 0.563197 0.052098 0.095415
1 0.654848 0.555143 0.052098 0.096654
1 0.218162 0.112144 0.055716 0.095415
1 0.671491 0.102850 0.049204 0.091698
1 0.314761 0.561958 0.056440 0.095415
1 0.361433 0.094176 0.052822 0.106568
0 0.667511 0.772615 0.075977 0.026022
2 0.321274 0.646840 0.010130 0.096654
1 0.481187 0.541512 0.040521 0.052045
0 0.805716 0.539653 0.075977 0.016109
0 0.443922 0.151177 0.630246 0.044610
2 0.795948 0.269517 0.010130 0.397770
0 0.722504 0.659851 0.081766 0.011152
2 0.355644 0.324659 0.009407 0.386617
0 0.420043 0.612144 0.275687 0.017348
0 0.757959 0.614002 0.078871 0.011152
0 0.781476 0.570632 0.081042 0.011152
0 0.785456 0.092317 0.123734 0.016109
0 0.689580 0.602850 0.107091 0.011152
0 0.786541 0.087980 0.120116 0.017348
2 0.321635 0.864312 0.006512 0.070632
