1 0.971780 0.837051 0.049204 0.092937
1 0.081042 0.841388 0.053546 0.096654
0 0.559334 0.520446 0.079595 0.009913
1 0.308611 0.839529 0.052822 0.092937
1 0.672576 0.840149 0.052822 0.091698
0 0.586107 0.477695 0.081042 0.011152
0 0.608538 0.447336 0.078148 0.009913
0 0.223951 0.519207 0.274240 0.014870
2 0.125543 0.547088 0.010854 0.100372
2 0.598046 0.298017 0.009407 0.130112
2 0.599855 0.198885 0.013025 0.325898
2 0.951520 0.328377 0.008683 0.153656
2 0.158466 0.396530 0.007236 0.061958
0 0.526049 0.568773 0.081042 0.012392
0 0.475398 0.511152 0.143271 0.013631
2 0.126990 0.785626 0.007959 0.101611
2 0.158466 0.231722 0.008683 0.389095
2 0.951520 0.607187 0.008683 0.138786
1 0.162446 0.472739 0.035456 0.087980
0 0.871925 0.201363 0.141823 0.023544
0 0.336469 0.053284 0.425470 0.032218
