1 0.854920 0.618959 0.057164 0.102850
1 0.755065 0.622677 0.052822 0.095415
1 0.609624 0.622677 0.057164 0.100372
0 0.706223 0.463445 0.078148 0.024783
1 0.071635 0.602230 0.043415 0.069393
0 0.821274 0.261462 0.081042 0.009913
2 0.648336 0.513631 0.010130 0.162330
2 0.361433 0.332714 0.009407 0.102850
0 0.457308 0.301115 0.272069 0.012392
0 0.844067 0.232342 0.074530 0.008674
0 0.761577 0.351921 0.081766 0.009913
1 0.487337 0.231722 0.051375 0.057001
2 0.361433 0.558860 0.006512 0.064436
0 0.796310 0.306072 0.080318 0.009913
0 0.044863 0.674721 0.079595 0.013631
2 0.833575 0.092317 0.005789 0.112763
2 0.394718 0.127014 0.006512 0.179678
2 0.395441 0.128253 0.006512 0.182156
0 0.761216 0.354399 0.082489 0.012392
0 0.139291 0.643123 0.119392 0.009913
0 0.730825 0.293680 0.101302 0.009913
0 0.823806 0.260223 0.083213 0.012392
1 0.733719 0.226146 0.040521 0.043371
1 0.486975 0.245973 0.052098 0.087980
