1 0.663893 0.495663 0.055716 0.104089
1 0.128075 0.568773 0.057887 0.101611
1 0.327062 0.547708 0.056440 0.101611
1 0.595514 0.555762 0.044863 0.090458
1 0.239508 0.559480 0.036179 0.092937
1 0.277135 0.557001 0.041968 0.092937
2 0.721056 0.710657 0.010854 0.370508
0 0.712012 0.545229 0.117221 0.017348
2 0.281114 0.755886 0.009407 0.324659
2 0.280753 0.791822 0.010130 0.416357
0 0.383864 0.596654 0.627352 0.026022
2 0.281114 0.717472 0.007959 0.250310
2 0.721056 0.837670 0.009407 0.114002
0 0.383864 0.602230 0.650507 0.034696
