1 0.301375 0.254027 0.054269 0.099133
0 0.027135 0.675960 0.045586 0.013631
1 0.664978 0.239777 0.053546 0.100372
1 0.915340 0.625774 0.054993 0.094176
1 0.487337 0.247831 0.054269 0.099133
0 0.793054 0.261462 0.083936 0.009913
1 0.337554 0.253408 0.032562 0.095415
1 0.194645 0.628872 0.052098 0.087980
2 0.802460 0.094796 0.007236 0.112763
0 0.103835 0.644362 0.128075 0.012392
0 0.725760 0.351921 0.088278 0.012392
0 0.676556 0.293680 0.146165 0.014870
2 0.616136 0.514870 0.007959 0.157373
0 0.811867 0.232962 0.076700 0.009913
0 0.434153 0.301735 0.277858 0.016109
2 0.328871 0.335192 0.009407 0.095415
2 0.360709 0.120818 0.009407 0.167286
0 0.766643 0.305452 0.086107 0.008674
