1 0.228654 0.254647 0.053546 0.092937
1 0.439219 0.410781 0.053546 0.095415
2 0.146527 0.126394 0.006512 0.173482
0 0.459841 0.464064 0.078871 0.026022
2 0.113965 0.330855 0.007959 0.096654
2 0.585745 0.094796 0.006512 0.117720
2 0.937410 0.110285 0.005065 0.146221
2 0.112518 0.571252 0.006512 0.099133
0 0.512301 0.351921 0.085384 0.009913
0 0.574530 0.261462 0.083936 0.009913
0 0.596237 0.232342 0.076700 0.008674
0 0.215991 0.302354 0.281476 0.014870
2 0.938495 0.410161 0.007236 0.185874
0 0.548119 0.305452 0.077424 0.008674
2 0.398698 0.518587 0.010130 0.154895
2 0.938133 0.522924 0.010854 0.057001
0 0.482996 0.292441 0.100579 0.009913
2 0.113603 0.571252 0.010130 0.101611
