2 0.146527 0.127014 0.006512 0.174721
2 0.112880 0.571871 0.005789 0.102850
2 0.585745 0.094796 0.006512 0.117720
2 0.113603 0.330855 0.007236 0.099133
2 0.937410 0.110285 0.005065 0.146221
0 0.458032 0.465304 0.079595 0.028501
0 0.512663 0.351921 0.084660 0.009913
0 0.212735 0.302354 0.273517 0.012392
0 0.574891 0.261462 0.083213 0.009913
2 0.400507 0.514870 0.010854 0.164808
0 0.596237 0.232342 0.076700 0.008674
0 0.546310 0.304833 0.083936 0.009913
2 0.938495 0.409542 0.007236 0.184634
2 0.938133 0.522305 0.010854 0.055762
0 0.483357 0.293061 0.096961 0.008674
