1 0.908104 0.622677 0.057887 0.102850
2 0.585384 0.094176 0.005789 0.116481
0 0.458394 0.464064 0.078871 0.026022
2 0.937410 0.109665 0.005065 0.147460
0 0.574891 0.263321 0.083213 0.008674
2 0.112518 0.331475 0.007959 0.100372
2 0.112880 0.569393 0.005789 0.100372
2 0.146527 0.125774 0.006512 0.177200
0 0.511577 0.350682 0.083936 0.009913
0 0.546671 0.305452 0.080318 0.008674
0 0.210926 0.302354 0.272793 0.012392
2 0.938133 0.410781 0.007959 0.184634
2 0.400507 0.516109 0.010854 0.164808
0 0.595152 0.232342 0.074530 0.008674
2 0.937771 0.521066 0.011577 0.053284
1 0.593705 0.623916 0.044139 0.085502
0 0.483719 0.292441 0.097685 0.009913
