1 0.031476 0.934325 0.058611 0.096654
1 0.236614 0.116481 0.054993 0.099133
1 0.895803 0.939281 0.050651 0.086741
1 0.273155 0.112144 0.028220 0.097893
1 0.500724 0.091078 0.054993 0.102850
0 0.738423 0.666047 0.081766 0.011152
0 0.821274 0.547088 0.076700 0.013631
0 0.800289 0.576828 0.085384 0.011152
0 0.438495 0.617720 0.273517 0.013631
0 0.684877 0.778810 0.075977 0.026022
0 0.770622 0.619579 0.082489 0.009913
2 0.337916 0.646221 0.011577 0.102850
0 0.459841 0.155514 0.638929 0.040892
2 0.811867 0.271375 0.010130 0.394052
0 0.698625 0.607807 0.116498 0.011152
2 0.371563 0.337051 0.007959 0.399009
0 0.796310 0.094796 0.112156 0.016109
0 0.701158 0.610285 0.114327 0.013631
0 0.799566 0.097274 0.121563 0.016109
