1 0.026411 0.928129 0.049928 0.101611
1 0.717077 0.099133 0.052098 0.096654
1 0.334298 0.560719 0.053546 0.095415
1 0.400507 0.100372 0.052822 0.096654
1 0.234805 0.110905 0.054269 0.100372
0 0.488784 0.150558 0.599855 0.043371
0 0.707670 0.773234 0.073806 0.027261
1 0.973227 0.929988 0.044863 0.102850
2 0.834298 0.267658 0.010130 0.399009
2 0.360347 0.646221 0.010130 0.095415
0 0.844790 0.539033 0.077424 0.014870
0 0.459117 0.610905 0.282923 0.014870
0 0.794139 0.614622 0.081766 0.009913
0 0.707670 0.602850 0.141823 0.011152
0 0.821635 0.569393 0.084660 0.011152
0 0.761577 0.659232 0.080318 0.009913
2 0.394356 0.328996 0.008683 0.400248
0 0.802822 0.094176 0.081766 0.014870
2 0.360347 0.861834 0.007236 0.068154
1 0.807525 0.065675 0.047757 0.061958
0 0.711288 0.601611 0.151954 0.011152
