1 0.679088 0.546468 0.054269 0.101611
1 0.819465 0.933705 0.052822 0.092937
1 0.526049 0.083024 0.054993 0.104089
0 0.471780 0.149938 0.626628 0.042131
0 0.706585 0.772615 0.075977 0.026022
2 0.834298 0.267658 0.010130 0.399009
0 0.459117 0.612144 0.269899 0.012392
0 0.844790 0.539033 0.077424 0.014870
0 0.793777 0.614622 0.082489 0.009913
0 0.821635 0.569393 0.084660 0.011152
0 0.760854 0.659232 0.080318 0.009913
2 0.394356 0.342007 0.007236 0.354399
0 0.803546 0.091698 0.084660 0.017348
2 0.359624 0.648699 0.008683 0.087980
0 0.723227 0.604709 0.106368 0.014870
2 0.394356 0.415737 0.007236 0.211896
0 0.717438 0.602850 0.123734 0.013631
2 0.360709 0.861834 0.007959 0.068154
