1 0.077786 0.935564 0.035456 0.091698
0 0.458032 0.777571 0.078148 0.026022
0 0.514110 0.664808 0.081766 0.011152
0 0.212373 0.616481 0.281476 0.013631
0 0.574891 0.576208 0.081766 0.009913
0 0.859262 0.298017 0.141100 0.018587
0 0.544501 0.618959 0.080318 0.011152
0 0.321274 0.151797 0.429812 0.035936
2 0.586107 0.268897 0.010130 0.391574
2 0.112518 0.885998 0.006512 0.106568
2 0.938133 0.486369 0.009407 0.281289
0 0.595514 0.546468 0.076700 0.014870
2 0.112518 0.644981 0.009407 0.102850
0 0.475036 0.607807 0.120839 0.011152
0 0.576700 0.094796 0.124457 0.016109
2 0.937410 0.588600 0.009407 0.081784
0 0.576700 0.098513 0.128799 0.016109
2 0.113965 0.885998 0.009407 0.104089
2 0.145080 0.339529 0.007959 0.396530
