1 0.027858 0.931227 0.052822 0.100372
1 0.972142 0.933705 0.045586 0.095415
1 0.625181 0.089839 0.052098 0.095415
0 0.705861 0.772615 0.077424 0.026022
0 0.469609 0.149938 0.615051 0.042131
2 0.834298 0.267038 0.010130 0.400248
2 0.360709 0.644981 0.009407 0.095415
0 0.844790 0.539033 0.077424 0.014870
0 0.460564 0.610905 0.274240 0.012392
0 0.794139 0.614622 0.081766 0.009913
0 0.715268 0.603470 0.126628 0.012392
0 0.760854 0.659232 0.081766 0.009913
0 0.821635 0.570012 0.084660 0.009913
1 0.438495 0.527881 0.041968 0.052045
0 0.802460 0.091698 0.082489 0.017348
2 0.394718 0.329616 0.007959 0.394052
2 0.395080 0.288104 0.007236 0.308550
