1 0.810058 0.676580 0.057164 0.109046
0 0.649421 0.322181 0.080318 0.009913
0 0.291606 0.362454 0.280753 0.013631
2 0.660999 0.125155 0.007959 0.173482
2 0.221780 0.156753 0.007959 0.236679
2 0.187048 0.389715 0.007959 0.100372
0 0.670405 0.291202 0.077424 0.009913
2 0.188133 0.631970 0.007236 0.099133
0 0.621201 0.364312 0.081766 0.009913
1 0.974674 0.685874 0.039074 0.092937
0 0.545586 0.353779 0.133140 0.011152
0 0.583936 0.410161 0.094067 0.012392
2 0.220333 0.159851 0.007959 0.245353
0 0.531476 0.519827 0.093343 0.013631
