1 0.052822 0.934325 0.060781 0.096654
1 0.220333 0.119579 0.039797 0.095415
1 0.263386 0.117100 0.049204 0.092937
0 0.707308 0.776952 0.075977 0.024783
0 0.762663 0.664808 0.082489 0.011152
1 0.923300 0.938042 0.039074 0.084263
0 0.461650 0.615861 0.264834 0.012392
0 0.823082 0.576208 0.086107 0.009913
0 0.844790 0.545849 0.077424 0.016109
0 0.794139 0.619579 0.083213 0.009913
0 0.472142 0.156753 0.612880 0.043371
2 0.835022 0.273234 0.010130 0.400248
2 0.394356 0.331475 0.008683 0.382900
0 0.726845 0.607807 0.104920 0.011152
2 0.360709 0.650558 0.009407 0.091698
0 0.802822 0.096654 0.083213 0.017348
0 0.809696 0.097893 0.098408 0.014870
