0 0.672214 0.771995 0.076700 0.027261
1 0.143271 0.929368 0.037627 0.086741
0 0.448263 0.150558 0.623010 0.043371
0 0.810781 0.539033 0.075977 0.014870
0 0.728292 0.659851 0.081766 0.011152
2 0.326339 0.640025 0.010130 0.100372
0 0.426194 0.611524 0.283647 0.013631
2 0.359986 0.328996 0.007959 0.390335
2 0.800289 0.265180 0.011577 0.396530
0 0.760854 0.614622 0.083213 0.009913
0 0.788350 0.570012 0.083213 0.009913
0 0.786903 0.088600 0.122287 0.016109
0 0.691027 0.602230 0.115774 0.012392
2 0.326700 0.864932 0.007959 0.076828
2 0.801013 0.215613 0.010130 0.287485
