1 0.269175 0.099752 0.050651 0.102850
0 0.674747 0.772615 0.075977 0.026022
0 0.450796 0.150558 0.619392 0.043371
2 0.328509 0.641264 0.010130 0.100372
2 0.362518 0.330235 0.007236 0.390335
0 0.813676 0.539033 0.074530 0.014870
0 0.433792 0.611524 0.293054 0.013631
2 0.802460 0.271375 0.010130 0.411400
0 0.729740 0.659232 0.081766 0.009913
0 0.762301 0.614622 0.083213 0.009913
0 0.789797 0.570012 0.083213 0.009913
0 0.790159 0.087980 0.123010 0.017348
0 0.689942 0.602230 0.115051 0.009913
2 0.802098 0.216233 0.007959 0.293680
