1 0.970695 0.622677 0.045586 0.097893
2 0.585745 0.094176 0.006512 0.116481
0 0.458394 0.464064 0.078871 0.026022
2 0.937410 0.109665 0.005065 0.147460
0 0.572721 0.261462 0.080318 0.009913
2 0.112518 0.570632 0.006512 0.105328
2 0.112518 0.331475 0.007959 0.100372
2 0.146527 0.125155 0.006512 0.178439
0 0.208394 0.302354 0.269175 0.012392
1 0.728654 0.623296 0.033285 0.091698
0 0.512663 0.351301 0.084660 0.011152
0 0.548119 0.306072 0.075977 0.009913
0 0.594790 0.232342 0.075253 0.008674
2 0.938133 0.522924 0.010854 0.054523
2 0.938133 0.411400 0.007959 0.185874
2 0.400507 0.516109 0.010854 0.164808
2 0.114327 0.572491 0.008683 0.106568
0 0.486252 0.293680 0.099855 0.009913
0 0.513748 0.353779 0.085384 0.013631
