1 0.513386 0.731722 0.054269 0.095415
1 0.883502 0.939901 0.059334 0.087980
0 0.546671 0.784387 0.086107 0.027261
0 0.690304 0.550805 0.075253 0.011152
0 0.304269 0.621437 0.277135 0.013631
2 0.205499 0.651177 0.010130 0.102850
0 0.666787 0.581165 0.083213 0.012392
0 0.937410 0.304213 0.110709 0.028501
2 0.679088 0.275713 0.010854 0.402726
2 0.239146 0.338910 0.007959 0.392813
0 0.638929 0.623296 0.081042 0.012392
0 0.560058 0.614002 0.128799 0.011152
0 0.605644 0.667906 0.082489 0.014870
1 0.993126 0.938042 0.012301 0.089219
0 0.670043 0.102850 0.125904 0.017348
0 0.605644 0.672862 0.083936 0.017348
0 0.252894 0.622677 0.175832 0.013631
0 0.671129 0.099133 0.126628 0.017348
