1 0.315485 0.105948 0.052098 0.092937
1 0.367221 0.558860 0.054269 0.096654
1 0.161722 0.931846 0.054269 0.099133
1 0.823082 0.931227 0.060058 0.097893
1 0.918234 0.928129 0.059334 0.104089
1 0.673661 0.555762 0.052098 0.092937
1 0.418596 0.091078 0.051375 0.102850
0 0.442475 0.150558 0.602750 0.043371
0 0.660275 0.772615 0.077424 0.026022
0 0.417873 0.611524 0.284370 0.013631
2 0.348408 0.324040 0.009407 0.390335
2 0.314399 0.643123 0.009407 0.096654
0 0.798842 0.539033 0.073806 0.014870
0 0.748553 0.614622 0.080318 0.009913
0 0.715268 0.659851 0.080318 0.011152
0 0.775687 0.569393 0.082489 0.011152
0 0.778944 0.089839 0.126628 0.016109
2 0.787988 0.420074 0.007236 0.084263
0 0.673300 0.605328 0.122287 0.013631
2 0.788350 0.133209 0.009407 0.127633
2 0.314399 0.865551 0.007959 0.070632
