1 0.548480 0.622057 0.052098 0.099133
2 0.585384 0.094796 0.005789 0.117720
0 0.457670 0.464064 0.080318 0.026022
1 0.679812 0.603470 0.052822 0.079306
2 0.937410 0.109665 0.005065 0.147460
0 0.573082 0.260843 0.081042 0.008674
2 0.112518 0.331475 0.007959 0.100372
0 0.511577 0.350682 0.083936 0.009913
2 0.146527 0.125155 0.006512 0.178439
0 0.546310 0.306072 0.079595 0.009913
0 0.208032 0.302354 0.268452 0.012392
2 0.112880 0.571252 0.005789 0.104089
2 0.938133 0.411400 0.007959 0.185874
0 0.595514 0.232342 0.075253 0.008674
2 0.938133 0.522305 0.010854 0.055762
2 0.114327 0.573730 0.008683 0.109046
2 0.400507 0.488848 0.010854 0.110285
0 0.511577 0.353779 0.083936 0.013631
0 0.482634 0.293061 0.102750 0.011152
0 0.574891 0.260223 0.081766 0.012392
