2 0.146165 0.127014 0.005789 0.177200
2 0.586469 0.096035 0.005065 0.115242
2 0.938495 0.114622 0.004342 0.152416
2 0.938133 0.412639 0.003618 0.178439
2 0.938857 0.526642 0.010854 0.044610
2 0.400868 0.506815 0.007236 0.146221
2 0.113242 0.333333 0.006512 0.101611
0 0.212373 0.301115 0.277135 0.014870
0 0.486614 0.294300 0.094790 0.008674
0 0.595514 0.231722 0.073806 0.009913
0 0.576700 0.262701 0.082489 0.009913
0 0.546671 0.305452 0.083213 0.008674
0 0.514110 0.351301 0.083213 0.011152
0 0.458394 0.465923 0.074530 0.024783
0 0.499638 0.674102 0.987699 0.014870
1 0.134226 0.249690 0.054269 0.095415
1 0.248191 0.224287 0.053546 0.042131
1 0.298842 0.250929 0.050651 0.090458
1 0.494935 0.242875 0.053546 0.094176
1 0.440666 0.415118 0.053546 0.089219
1 0.062952 0.614622 0.060781 0.104089
1 0.150145 0.630731 0.054269 0.086741
1 0.227569 0.629492 0.054269 0.089219
1 0.381693 0.616481 0.061505 0.105328
1 0.603835 0.619579 0.060058 0.106568
1 0.797395 0.622677 0.053546 0.095415
