1 0.088640 0.912020 0.052822 0.094176
1 0.146527 0.529740 0.052822 0.105328
0 0.574168 0.548327 0.080318 0.011152
2 0.937771 0.394052 0.008683 0.151177
2 0.112156 0.618959 0.010130 0.100372
2 0.937771 0.646840 0.007236 0.086741
0 0.458032 0.748451 0.076700 0.024783
2 0.112156 0.843866 0.007236 0.079306
0 0.553907 0.591078 0.065847 0.009913
0 0.596237 0.516109 0.078148 0.011152
2 0.938495 0.794919 0.008683 0.102850
2 0.586831 0.241636 0.008683 0.399009
0 0.200434 0.588600 0.257598 0.014870
0 0.499276 0.578067 0.131693 0.011152
2 0.146527 0.304833 0.009407 0.391574
0 0.573082 0.067534 0.130246 0.018587
0 0.858900 0.270136 0.141823 0.022305
0 0.321274 0.119579 0.435601 0.030979
