1 0.661360 0.712515 0.053546 0.096654
1 0.474674 0.558860 0.036179 0.094176
1 0.439942 0.090458 0.056440 0.101611
1 0.711650 0.554523 0.051375 0.095415
1 0.045224 0.926890 0.062952 0.106568
0 0.703329 0.771995 0.082489 0.027261
0 0.485166 0.150558 0.607091 0.043371
1 0.503980 0.559480 0.031114 0.090458
2 0.833936 0.269517 0.009407 0.395291
0 0.457308 0.610905 0.269175 0.014870
0 0.844790 0.539033 0.077424 0.014870
1 0.419320 0.559480 0.032562 0.092937
0 0.794139 0.614622 0.081766 0.009913
0 0.821274 0.570012 0.083936 0.009913
0 0.760854 0.659232 0.081766 0.009913
0 0.712735 0.604709 0.130246 0.014870
0 0.805716 0.092317 0.078871 0.016109
2 0.361795 0.646840 0.008683 0.094176
2 0.394718 0.330235 0.007959 0.397770
1 0.753980 0.071871 0.047757 0.079306
1 0.823082 0.927509 0.054269 0.102850
2 0.395441 0.291202 0.007959 0.317224
