1 0.468162 0.291202 0.054993 0.099133
1 0.298119 0.667286 0.053546 0.095415
1 0.679812 0.434325 0.047033 0.095415
1 0.409551 0.666667 0.053546 0.096654
0 0.464182 0.343247 0.278582 0.014870
0 0.796310 0.346964 0.081766 0.009913
0 0.761577 0.392193 0.078871 0.011152
1 0.725760 0.271995 0.049204 0.053284
2 0.360709 0.375465 0.009407 0.094176
0 0.135673 0.685874 0.126628 0.011152
2 0.395080 0.144362 0.007236 0.216853
2 0.360709 0.610285 0.006512 0.102850
0 0.706585 0.333953 0.148336 0.011152
1 0.828871 0.667286 0.044139 0.087980
2 0.834660 0.109046 0.006512 0.143742
0 0.044501 0.717472 0.075977 0.014870
0 0.734081 0.334572 0.094790 0.009913
2 0.833936 0.095415 0.006512 0.116481
0 0.704776 0.502478 0.088278 0.018587
0 0.582127 0.716853 0.812590 0.013631
0 0.599132 0.714374 0.793054 0.013631
