1 0.867221 0.927509 0.049928 0.092937
1 0.374819 0.553284 0.050651 0.102850
1 0.240593 0.120818 0.035456 0.092937
1 0.196093 0.124535 0.049204 0.092937
1 0.398336 0.091078 0.054269 0.102850
1 0.742041 0.534077 0.052822 0.076828
0 0.760492 0.659851 0.085384 0.011152
0 0.796671 0.614002 0.081042 0.008674
2 0.360709 0.644362 0.009407 0.099133
0 0.707670 0.772615 0.073806 0.026022
2 0.835384 0.264560 0.012301 0.387856
0 0.844790 0.539033 0.075977 0.014870
0 0.823806 0.570012 0.084660 0.009913
0 0.443198 0.612763 0.240955 0.013631
2 0.395441 0.327138 0.009407 0.384139
0 0.807887 0.091698 0.087554 0.022305
0 0.478292 0.149318 0.607815 0.038414
