1 0.977569 0.938662 0.043415 0.090458
1 0.109986 0.939901 0.050651 0.090458
1 0.042330 0.934325 0.061505 0.096654
0 0.220333 0.615861 0.281476 0.012392
0 0.606368 0.546468 0.073806 0.014870
2 0.122648 0.646840 0.009407 0.101611
2 0.947178 0.480793 0.010130 0.257745
2 0.594790 0.266419 0.010130 0.389095
0 0.867583 0.297398 0.146165 0.019827
0 0.585745 0.575589 0.074530 0.011152
0 0.327786 0.151797 0.444284 0.035936
0 0.465991 0.778810 0.078148 0.026022
2 0.947540 0.827757 0.009407 0.081784
0 0.561505 0.619579 0.069465 0.009913
0 0.493126 0.609046 0.106368 0.011152
2 0.122287 0.869269 0.007236 0.068154
2 0.947178 0.592937 0.010130 0.075589
2 0.154848 0.331475 0.008683 0.392813
2 0.946816 0.818463 0.007959 0.097893
0 0.531476 0.618959 0.128075 0.011152
0 0.587554 0.092317 0.123010 0.016109
0 0.503256 0.610905 0.122287 0.012392
