1 0.969971 0.624535 0.047033 0.094176
2 0.585745 0.094176 0.006512 0.116481
0 0.458032 0.464064 0.079595 0.026022
0 0.573444 0.261462 0.081766 0.009913
2 0.937410 0.109665 0.005065 0.147460
2 0.112518 0.331475 0.007959 0.100372
1 0.746744 0.622057 0.047757 0.094176
2 0.112518 0.570632 0.006512 0.102850
2 0.146527 0.125155 0.006512 0.178439
0 0.547757 0.306072 0.076700 0.009913
0 0.512301 0.350682 0.083936 0.009913
0 0.595514 0.232342 0.075253 0.008674
2 0.938133 0.522924 0.010854 0.054523
2 0.938133 0.410781 0.007959 0.184634
2 0.400145 0.515489 0.011577 0.163569
2 0.114327 0.572491 0.008683 0.106568
0 0.210203 0.300496 0.272793 0.011152
0 0.485166 0.292441 0.099132 0.009913
