1 0.413531 0.573730 0.052822 0.096654
1 0.293777 0.573730 0.054993 0.096654
1 0.434515 0.104089 0.047033 0.096654
1 0.612880 0.737918 0.053546 0.092937
1 0.154124 0.136307 0.054993 0.094176
1 0.296671 0.113383 0.041968 0.095415
0 0.767728 0.554523 0.075253 0.011152
0 0.626990 0.788104 0.083213 0.027261
1 0.636758 0.549566 0.050651 0.063197
2 0.757959 0.276952 0.010854 0.410161
2 0.284732 0.658612 0.010854 0.095415
0 0.685239 0.675960 0.082489 0.011152
0 0.382779 0.625155 0.273517 0.016109
1 0.462373 0.551425 0.046310 0.052045
0 0.409913 0.162330 0.607091 0.039653
0 0.975398 0.307311 0.043415 0.017348
0 0.746020 0.583024 0.083936 0.016109
0 0.653401 0.618959 0.094067 0.011152
1 0.730101 0.072491 0.050651 0.075589
0 0.717800 0.631351 0.082489 0.016109
0 0.747467 0.102230 0.128799 0.018587
2 0.318017 0.351301 0.009407 0.407683
0 0.643271 0.617100 0.107091 0.009913
0 0.653763 0.622677 0.096237 0.011152
0 0.746382 0.587980 0.081766 0.016109
1 0.139653 0.940520 0.047757 0.084263
0 0.625904 0.617100 0.156295 0.012392
