1 0.164978 0.628253 0.053546 0.089219
0 0.643632 0.463445 0.078871 0.024783
2 0.771708 0.093556 0.006512 0.112763
2 0.297757 0.331475 0.009407 0.102850
2 0.332489 0.122677 0.006512 0.173482
2 0.586831 0.513631 0.008683 0.157373
0 0.762301 0.261462 0.083213 0.009913
0 0.699349 0.352540 0.081766 0.008674
0 0.394718 0.302354 0.272793 0.012392
0 0.782562 0.232342 0.075977 0.008674
0 0.735528 0.304833 0.074530 0.009913
0 0.074530 0.642503 0.125904 0.011152
1 0.833936 0.620818 0.041245 0.106568
1 0.014110 0.609046 0.023878 0.065675
