0 0.482634 0.789343 0.078148 0.027261
2 0.611795 0.282528 0.010854 0.401487
2 0.170767 0.338290 0.008683 0.389095
2 0.137120 0.658612 0.009407 0.097893
0 0.621563 0.555143 0.076700 0.012392
0 0.537988 0.675341 0.080318 0.012392
0 0.507236 0.620198 0.102750 0.011152
0 0.884949 0.307311 0.146165 0.017348
0 0.604559 0.104089 0.122287 0.017348
2 0.137844 0.896530 0.007959 0.100372
2 0.962735 0.599133 0.009407 0.065675
2 0.963821 0.848823 0.010130 0.071871
0 0.604197 0.107807 0.128799 0.017348
2 0.963097 0.486989 0.010130 0.255266
0 0.331042 0.160471 0.374096 0.028501
0 0.235890 0.625774 0.274964 0.017348
0 0.574891 0.630112 0.080318 0.011152
1 0.069465 0.944857 0.049204 0.078067
0 0.571997 0.631970 0.083213 0.014870
0 0.597323 0.589219 0.081766 0.013631
