0 0.635311 0.464684 0.078148 0.027261
2 0.577424 0.515489 0.010130 0.163569
0 0.386035 0.302354 0.269899 0.012392
0 0.751085 0.261462 0.079595 0.009913
2 0.762663 0.092317 0.007236 0.112763
2 0.289436 0.331475 0.007236 0.102850
0 0.773155 0.232962 0.075977 0.009913
0 0.688857 0.351921 0.085384 0.012392
2 0.289797 0.570012 0.007959 0.109046
0 0.069103 0.644362 0.123734 0.012392
2 0.322721 0.126394 0.008683 0.178439
0 0.724674 0.305452 0.077424 0.008674
2 0.764110 0.093556 0.008683 0.112763
1 0.470695 0.599752 0.047033 0.052045
