0 0.044501 0.674102 0.077424 0.014870
0 0.760854 0.351301 0.081766 0.011152
0 0.707670 0.464064 0.078148 0.026022
2 0.833936 0.092937 0.006512 0.111524
0 0.845152 0.232342 0.075253 0.008674
0 0.461650 0.301735 0.279305 0.013631
2 0.395441 0.125774 0.006512 0.182156
0 0.822359 0.262082 0.083213 0.011152
2 0.361071 0.332714 0.010130 0.100372
0 0.137120 0.646221 0.128075 0.008674
2 0.649059 0.512392 0.010130 0.157373
0 0.732996 0.292441 0.101302 0.009913
0 0.795948 0.306072 0.086831 0.009913
2 0.362156 0.570012 0.007959 0.101611
2 0.594067 0.671623 0.800289 0.017348
