1 0.970695 0.623296 0.049928 0.096654
1 0.133140 0.619579 0.054993 0.104089
1 0.146527 0.250310 0.055716 0.096654
1 0.642185 0.626394 0.051375 0.092937
1 0.404124 0.623296 0.039797 0.091698
1 0.354197 0.624535 0.048480 0.094176
2 0.585384 0.094176 0.007236 0.116481
0 0.458755 0.464064 0.078148 0.026022
2 0.146527 0.122057 0.006512 0.174721
2 0.937410 0.109665 0.005065 0.147460
0 0.573444 0.261462 0.081766 0.009913
0 0.544863 0.306072 0.082489 0.009913
0 0.511939 0.350062 0.084660 0.011152
0 0.212735 0.301735 0.269175 0.013631
2 0.111795 0.556382 0.006512 0.076828
2 0.937771 0.525403 0.011577 0.052045
2 0.112880 0.334572 0.008683 0.099133
2 0.938133 0.412639 0.007959 0.188352
0 0.595514 0.231722 0.075253 0.009913
0 0.477931 0.292441 0.107815 0.009913
2 0.114327 0.556382 0.008683 0.076828
