1 0.929812 0.931227 0.053546 0.097893
1 0.028582 0.932466 0.052822 0.097893
0 0.704414 0.773234 0.080318 0.027261
1 0.609262 0.084263 0.050651 0.096654
0 0.484443 0.149938 0.607091 0.044610
2 0.834298 0.266419 0.010130 0.401487
0 0.459841 0.611524 0.268452 0.013631
0 0.844790 0.539033 0.077424 0.014870
2 0.360347 0.654275 0.008683 0.076828
0 0.716353 0.603470 0.124457 0.012392
0 0.794139 0.614622 0.081766 0.009913
0 0.821635 0.569393 0.084660 0.011152
0 0.761216 0.659232 0.081042 0.009913
0 0.803907 0.091698 0.085384 0.017348
2 0.394718 0.325898 0.007959 0.386617
2 0.360709 0.861834 0.006512 0.068154
