1 0.154486 0.623296 0.048480 0.099133
1 0.196093 0.628872 0.041968 0.092937
1 0.307164 0.627633 0.052822 0.092937
1 0.417873 0.627014 0.052822 0.096654
1 0.941751 0.623296 0.062952 0.101611
1 0.519899 0.413259 0.052822 0.092937
1 0.577786 0.242875 0.054269 0.094176
1 0.274964 0.257745 0.053546 0.086741
1 0.238784 0.254027 0.018813 0.094176
1 0.047033 0.582404 0.053546 0.037175
0 0.507959 0.677819 0.968162 0.022305
0 0.593343 0.352540 0.086831 0.018587
0 0.626628 0.306691 0.085384 0.018587
0 0.656657 0.263321 0.084660 0.016109
0 0.675470 0.234201 0.075977 0.017348
0 0.284370 0.305452 0.269175 0.021066
0 0.520260 0.292441 0.180897 0.022305
2 0.226122 0.127633 0.007959 0.175960
2 0.193198 0.333333 0.008683 0.101611
2 0.666064 0.096654 0.007959 0.116481
