1 0.189219 0.122677 0.055716 0.104089
0 0.716353 0.662330 0.085384 0.011152
0 0.657381 0.775713 0.086107 0.027261
2 0.790883 0.267658 0.008683 0.401487
0 0.777135 0.573730 0.079595 0.009913
0 0.750000 0.617100 0.081766 0.009913
2 0.316570 0.642503 0.010854 0.102850
0 0.685601 0.605328 0.102026 0.011152
0 0.425470 0.614622 0.303907 0.014870
2 0.350579 0.333953 0.009407 0.395291
1 0.824530 0.061958 0.038350 0.057001
0 0.800289 0.545849 0.076700 0.016109
0 0.778582 0.093556 0.124457 0.016109
0 0.438495 0.153036 0.606368 0.040892
