1 0.440304 0.252788 0.052822 0.096654
1 0.504703 0.409542 0.052822 0.095415
1 0.366136 0.251549 0.052098 0.096654
1 0.945007 0.621437 0.056440 0.097893
1 0.562229 0.249690 0.053546 0.092937
2 0.672576 0.094796 0.007959 0.112763
0 0.601302 0.351301 0.083936 0.011152
0 0.547395 0.463445 0.075977 0.027261
2 0.233357 0.127633 0.006512 0.175960
2 0.488423 0.517968 0.010130 0.143742
0 0.302098 0.301115 0.281476 0.014870
0 0.663169 0.261462 0.081766 0.009913
2 0.201158 0.330235 0.010130 0.102850
0 0.683430 0.232962 0.077424 0.009913
0 0.018813 0.641884 0.031838 0.009913
1 0.351302 0.595415 0.041245 0.050805
0 0.548119 0.296778 0.149783 0.013631
1 0.292692 0.602850 0.054269 0.065675
0 0.636035 0.305452 0.083936 0.008674
0 0.512663 0.675960 0.963097 0.026022
