2 0.146527 0.126394 0.006512 0.173482
2 0.113603 0.331475 0.007236 0.097893
2 0.585745 0.094796 0.006512 0.117720
0 0.211650 0.301735 0.269899 0.013631
2 0.937410 0.110285 0.005065 0.146221
2 0.112880 0.571252 0.005789 0.101611
0 0.574891 0.261462 0.083213 0.009913
0 0.546310 0.304833 0.083936 0.009913
0 0.457308 0.467782 0.078148 0.028501
0 0.513386 0.351301 0.086107 0.011152
0 0.595876 0.232342 0.077424 0.008674
2 0.938495 0.409542 0.007236 0.184634
2 0.400507 0.513011 0.010854 0.161090
0 0.476483 0.291202 0.106368 0.009913
2 0.937771 0.522305 0.011577 0.055762
