2 0.394718 0.125155 0.005065 0.175960
2 0.835022 0.094796 0.005789 0.115242
2 0.649421 0.513011 0.007959 0.158612
2 0.362156 0.332714 0.007959 0.102850
0 0.455137 0.302974 0.267728 0.013631
0 0.731910 0.293680 0.089001 0.009913
0 0.845152 0.232342 0.075253 0.008674
0 0.825977 0.263321 0.081766 0.008674
0 0.795224 0.306691 0.081042 0.008674
0 0.763386 0.352540 0.082489 0.008674
0 0.704776 0.465923 0.082489 0.024783
0 0.045224 0.675341 0.077424 0.012392
0 0.137844 0.644981 0.128075 0.008674
0 0.593705 0.672862 0.799566 0.014870
1 0.432706 0.254027 0.053546 0.096654
1 0.736614 0.243494 0.054993 0.095415
1 0.729016 0.416976 0.051375 0.097893
1 0.096237 0.603470 0.039074 0.071871
1 0.277858 0.622057 0.060781 0.104089
1 0.520984 0.625774 0.052098 0.096654
1 0.795224 0.626394 0.052098 0.095415
1 0.905572 0.619579 0.038350 0.106568
1 0.605644 0.229864 0.049204 0.050805
