1 0.839725 0.620818 0.038350 0.094176
2 0.585384 0.094796 0.005789 0.117720
0 0.458032 0.463445 0.079595 0.024783
1 0.274240 0.617100 0.052098 0.104089
0 0.572721 0.261462 0.081766 0.009913
2 0.937410 0.109665 0.005065 0.147460
2 0.146527 0.124535 0.006512 0.177200
2 0.112518 0.331475 0.007959 0.100372
2 0.400507 0.500620 0.010854 0.136307
0 0.207308 0.301735 0.268452 0.013631
2 0.938133 0.526642 0.010854 0.049566
2 0.937771 0.411400 0.007236 0.185874
0 0.595152 0.231722 0.075977 0.009913
0 0.546310 0.307311 0.079595 0.009913
0 0.511939 0.351301 0.083213 0.011152
2 0.939219 0.409542 0.008683 0.182156
0 0.483357 0.293680 0.105644 0.009913
2 0.111071 0.545229 0.005065 0.059480
