1 0.422938 0.239157 0.054269 0.096654
1 0.913531 0.619579 0.058611 0.106568
2 0.421852 0.514870 0.008683 0.159851
2 0.607453 0.094796 0.006512 0.115242
2 0.168958 0.123296 0.006512 0.179678
0 0.479740 0.464064 0.078148 0.026022
2 0.134588 0.330855 0.007236 0.099133
0 0.231910 0.302354 0.272793 0.012392
0 0.596961 0.260223 0.083936 0.009913
0 0.534732 0.352540 0.081042 0.008674
0 0.618669 0.232342 0.075253 0.008674
2 0.133864 0.574969 0.005789 0.106568
1 0.083936 0.607807 0.039074 0.085502
2 0.959841 0.411400 0.006512 0.178439
0 0.572359 0.304833 0.082489 0.009913
2 0.959841 0.113383 0.005065 0.144981
2 0.959841 0.526022 0.007959 0.053284
0 0.506151 0.293680 0.096237 0.009913
