2 0.395080 0.127014 0.005789 0.177200
2 0.835384 0.096035 0.006512 0.115242
2 0.649421 0.513011 0.007959 0.158612
2 0.362156 0.332714 0.007959 0.102850
0 0.461650 0.304833 0.277858 0.014870
0 0.750724 0.294919 0.062952 0.009913
0 0.844790 0.232342 0.074530 0.008674
0 0.825615 0.263321 0.082489 0.008674
0 0.795586 0.306072 0.081766 0.009913
0 0.763025 0.353160 0.083213 0.009913
0 0.044863 0.673482 0.078148 0.013631
0 0.137844 0.645601 0.126628 0.009913
0 0.608177 0.674721 0.770622 0.013631
1 0.443560 0.255266 0.054993 0.094176
1 0.615774 0.250929 0.052098 0.095415
1 0.723951 0.415118 0.052822 0.096654
1 0.267004 0.629492 0.054993 0.091698
1 0.586469 0.623916 0.052822 0.092937
1 0.869392 0.628253 0.054269 0.096654
1 0.920405 0.609665 0.046310 0.101611
0 0.707670 0.467162 0.078148 0.027261
