1 0.380970 0.253408 0.054269 0.097893
1 0.277135 0.254027 0.053546 0.094176
0 0.328871 0.302974 0.284370 0.016109
2 0.260130 0.127014 0.007959 0.174721
0 0.035094 0.645601 0.065847 0.012392
2 0.701881 0.094796 0.008683 0.112763
0 0.628437 0.351921 0.086107 0.012392
0 0.691389 0.261462 0.081766 0.009913
2 0.226483 0.330235 0.008683 0.102850
0 0.710203 0.232962 0.075977 0.009913
0 0.578509 0.462825 0.068741 0.026022
0 0.692113 0.261462 0.084660 0.014870
2 0.515557 0.540892 0.006512 0.078067
0 0.665702 0.305452 0.085384 0.008674
0 0.595514 0.293061 0.099855 0.008674
2 0.228292 0.571252 0.006512 0.101611
0 0.526411 0.677819 0.934153 0.024783
