1 0.377352 0.252788 0.052822 0.096654
1 0.323082 0.623296 0.049928 0.099133
1 0.472865 0.252169 0.047033 0.095415
1 0.635673 0.413879 0.054269 0.094176
2 0.595514 0.515489 0.008683 0.158612
0 0.708394 0.350682 0.082489 0.009913
0 0.769537 0.260843 0.081766 0.008674
2 0.781114 0.093556 0.006512 0.112763
2 0.307887 0.332094 0.009407 0.101611
1 0.044501 0.604709 0.038350 0.069393
0 0.655210 0.464684 0.075977 0.024783
0 0.791606 0.232962 0.073806 0.009913
0 0.404848 0.302354 0.271346 0.014870
1 0.123734 0.609665 0.037627 0.057001
2 0.342258 0.125774 0.005789 0.177200
0 0.744211 0.304833 0.075977 0.009913
0 0.084298 0.643742 0.123734 0.011152
1 0.674747 0.224907 0.055716 0.043371
1 0.657742 0.617720 0.054993 0.100372
0 0.666064 0.292441 0.122287 0.009913
0 0.708394 0.353160 0.081042 0.014870
0 0.660275 0.289963 0.132417 0.012392
2 0.782562 0.092937 0.009407 0.111524
