1 0.229740 0.140025 0.054269 0.091698
1 0.382417 0.583024 0.054269 0.090458
1 0.643271 0.723668 0.054993 0.089219
1 0.811143 0.941140 0.046310 0.085502
1 0.355644 0.109046 0.044139 0.106568
0 0.705137 0.789963 0.080318 0.026022
1 0.716715 0.561958 0.038350 0.080545
0 0.844790 0.557001 0.074530 0.013631
0 0.760854 0.677200 0.081766 0.011152
2 0.361433 0.662330 0.009407 0.092937
0 0.794863 0.632590 0.083213 0.013631
0 0.454414 0.630112 0.269175 0.018587
0 0.821997 0.589219 0.082489 0.013631
0 0.475398 0.164808 0.600579 0.044610
1 0.175470 0.942999 0.038350 0.079306
0 0.807887 0.107807 0.090449 0.019827
2 0.835022 0.281289 0.011577 0.406444
0 0.721056 0.621437 0.120839 0.013631
1 0.530753 0.093556 0.055716 0.105328
2 0.394356 0.346344 0.008683 0.392813
