1 0.181983 0.549566 0.052822 0.105328
1 0.036179 0.934325 0.040521 0.089219
0 0.457308 0.771375 0.078148 0.028501
0 0.210926 0.609665 0.278582 0.014870
0 0.862156 0.291822 0.141100 0.018587
0 0.304993 0.144981 0.459479 0.032218
1 0.433430 0.545229 0.052098 0.096654
2 0.937771 0.481413 0.010130 0.288724
0 0.609986 0.537794 0.047757 0.012392
2 0.586469 0.265799 0.009407 0.397770
2 0.112880 0.874845 0.007236 0.096654
2 0.111433 0.640025 0.010130 0.100372
0 0.576339 0.087980 0.125181 0.017348
0 0.482272 0.602230 0.077424 0.012392
2 0.145803 0.331475 0.007959 0.402726
2 0.937410 0.588600 0.009407 0.079306
0 0.511577 0.661090 0.078148 0.011152
0 0.578148 0.091078 0.130246 0.016109
0 0.594067 0.563197 0.053546 0.011152
0 0.592258 0.567534 0.045586 0.014870
0 0.574530 0.084882 0.127352 0.018587
0 0.550651 0.614622 0.107091 0.009913
2 0.937771 0.823420 0.008683 0.083024
