1 0.743488 0.243494 0.049928 0.095415
1 0.640376 0.399628 0.054993 0.095415
1 0.488061 0.249071 0.054269 0.091698
0 0.707308 0.464064 0.077424 0.023544
0 0.761577 0.351301 0.080318 0.011152
1 0.306802 0.625155 0.034732 0.083024
1 0.249638 0.619579 0.049204 0.101611
2 0.833936 0.094796 0.006512 0.112763
0 0.845152 0.232342 0.075253 0.008674
2 0.395441 0.125774 0.006512 0.182156
0 0.460926 0.301735 0.279305 0.013631
2 0.648336 0.516109 0.010130 0.149938
0 0.136758 0.644981 0.125904 0.011152
0 0.739508 0.295539 0.104197 0.013631
0 0.823806 0.262082 0.080318 0.011152
0 0.844067 0.231103 0.074530 0.008674
0 0.798480 0.304833 0.083213 0.009913
0 0.044139 0.674721 0.078148 0.013631
1 0.468524 0.623296 0.036903 0.091698
1 0.454052 0.249690 0.038350 0.095415
0 0.592981 0.672862 0.801013 0.019827
