2 0.400868 0.516109 0.010130 0.167286
1 0.763748 0.620818 0.055716 0.096654
2 0.146527 0.127633 0.006512 0.171004
1 0.133502 0.255886 0.055716 0.092937
0 0.458394 0.465304 0.077424 0.028501
0 0.574168 0.261462 0.075977 0.009913
2 0.113965 0.571871 0.009407 0.102850
2 0.586469 0.094176 0.006512 0.114002
2 0.938133 0.523544 0.010854 0.055762
0 0.212373 0.301735 0.275687 0.016109
0 0.596237 0.231103 0.075253 0.008674
2 0.937771 0.112763 0.004342 0.148699
2 0.112518 0.568773 0.006512 0.101611
2 0.113965 0.335192 0.009407 0.092937
2 0.585022 0.095415 0.007959 0.114002
2 0.939580 0.413879 0.007959 0.190830
0 0.482634 0.293061 0.096961 0.011152
0 0.514834 0.353160 0.081766 0.014870
0 0.547033 0.306691 0.083936 0.011152
0 0.500000 0.673482 0.988423 0.013631
