1 0.209841 0.255266 0.039074 0.091698
1 0.971418 0.624535 0.048480 0.094176
1 0.166064 0.245353 0.052822 0.099133
1 0.467438 0.403346 0.054993 0.100372
1 0.430174 0.624535 0.055716 0.099133
2 0.585022 0.094176 0.006512 0.116481
0 0.458394 0.465304 0.080318 0.026022
2 0.937410 0.109665 0.005065 0.147460
0 0.573082 0.261462 0.081042 0.009913
2 0.112518 0.569393 0.006512 0.102850
1 0.298842 0.244734 0.031838 0.105328
0 0.545224 0.305452 0.081766 0.008674
2 0.112880 0.331475 0.008683 0.097893
1 0.420767 0.226766 0.052822 0.096654
0 0.520622 0.351301 0.067294 0.008674
2 0.938133 0.411400 0.007959 0.185874
2 0.399059 0.514870 0.010854 0.157373
0 0.595514 0.232342 0.075253 0.008674
0 0.213097 0.302354 0.275687 0.014870
1 0.783285 0.616481 0.054269 0.105328
2 0.400868 0.511772 0.010130 0.156134
2 0.937771 0.522924 0.011577 0.054523
1 0.035456 0.625774 0.028944 0.086741
2 0.114327 0.570632 0.008683 0.102850
2 0.145803 0.094796 0.005065 0.115242
1 0.544863 0.594176 0.047757 0.048327
0 0.575253 0.260223 0.082489 0.012392
0 0.486614 0.293061 0.090449 0.008674
