0 0.623734 0.464684 0.083936 0.024783
0 0.742402 0.260843 0.081042 0.008674
2 0.752894 0.093556 0.006512 0.112763
0 0.679450 0.351301 0.083936 0.011152
0 0.762301 0.232342 0.073082 0.008674
2 0.279667 0.332094 0.009407 0.101611
2 0.566932 0.513011 0.009407 0.161090
0 0.379161 0.301115 0.272069 0.012392
0 0.713821 0.306072 0.078871 0.009913
1 0.298119 0.624535 0.053546 0.091698
2 0.312952 0.123916 0.006512 0.175960
0 0.062229 0.644362 0.118669 0.009913
2 0.314761 0.123296 0.007236 0.174721
0 0.064038 0.643123 0.110709 0.009913
0 0.743126 0.260843 0.082489 0.013631
0 0.622648 0.460347 0.078871 0.023544
0 0.680174 0.353779 0.081042 0.013631
0 0.659551 0.292441 0.091896 0.009913
