1 0.732634 0.102850 0.052822 0.096654
1 0.370116 0.563197 0.055716 0.095415
1 0.647250 0.547708 0.055716 0.096654
1 0.697540 0.719950 0.053546 0.094176
1 0.858900 0.929368 0.063676 0.101611
0 0.832851 0.539653 0.078148 0.016109
0 0.470695 0.150558 0.611433 0.040892
0 0.692836 0.773234 0.083213 0.027261
0 0.449349 0.612763 0.276411 0.016109
2 0.822721 0.267658 0.010130 0.399009
0 0.753256 0.659232 0.073806 0.009913
0 0.783285 0.614622 0.081766 0.009913
2 0.348408 0.646221 0.010854 0.097893
0 0.803184 0.091078 0.085384 0.016109
2 0.382055 0.327138 0.008683 0.376704
0 0.809696 0.570012 0.082489 0.009913
0 0.698625 0.602230 0.132417 0.012392
1 0.401954 0.071252 0.034009 0.068154
