2 0.395441 0.127014 0.005065 0.177200
2 0.834660 0.094796 0.006512 0.115242
2 0.649421 0.513631 0.006512 0.159851
2 0.361433 0.332714 0.006512 0.100372
0 0.461650 0.303594 0.277858 0.014870
0 0.732272 0.293680 0.105644 0.012392
0 0.845152 0.232342 0.075253 0.008674
0 0.825615 0.262701 0.082489 0.009913
0 0.795586 0.306072 0.081766 0.007435
0 0.763025 0.351301 0.081766 0.008674
0 0.044863 0.675341 0.078148 0.014870
0 0.137844 0.644981 0.128075 0.008674
0 0.593343 0.675341 0.800289 0.012392
1 0.526411 0.255266 0.054269 0.096654
