1 0.434515 0.242875 0.052822 0.106568
1 0.488784 0.242255 0.049928 0.097893
0 0.048119 0.674721 0.084660 0.013631
0 0.707308 0.464064 0.077424 0.026022
2 0.395441 0.127633 0.005065 0.178439
2 0.833936 0.094176 0.006512 0.111524
0 0.845152 0.232342 0.075253 0.008674
0 0.760854 0.352540 0.080318 0.011152
1 0.520260 0.622677 0.049204 0.097893
2 0.648336 0.513011 0.010130 0.161090
0 0.821635 0.262082 0.081766 0.011152
2 0.361071 0.333333 0.010130 0.099133
0 0.462012 0.300496 0.284370 0.016109
2 0.361795 0.571252 0.005789 0.089219
1 0.524602 0.223048 0.027496 0.057001
0 0.844428 0.230483 0.075253 0.009913
0 0.797033 0.305452 0.084660 0.008674
2 0.650507 0.510533 0.011577 0.158612
0 0.725036 0.294300 0.109986 0.011152
0 0.138205 0.644981 0.128799 0.011152
0 0.593705 0.674102 0.801013 0.017348
