1 0.475036 0.557001 0.049928 0.090458
1 0.071997 0.936803 0.051375 0.086741
1 0.413531 0.566295 0.068741 0.094176
0 0.760854 0.666047 0.081766 0.011152
0 0.706585 0.778810 0.077424 0.026022
0 0.844790 0.546468 0.077424 0.014870
1 0.426556 0.567534 0.049928 0.091698
0 0.823082 0.576828 0.086107 0.011152
2 0.360709 0.651177 0.009407 0.095415
0 0.795586 0.619579 0.081766 0.009913
1 0.402315 0.566295 0.047757 0.094176
0 0.718886 0.610285 0.122287 0.013631
2 0.834660 0.267658 0.010854 0.406444
0 0.455861 0.616481 0.269175 0.016109
1 0.810781 0.938042 0.035456 0.084263
0 0.802822 0.097274 0.081766 0.016109
0 0.472504 0.156134 0.630970 0.042131
2 0.393994 0.340149 0.007959 0.392813
0 0.718524 0.608426 0.125904 0.012392
