1 0.083936 0.927509 0.062229 0.107807
0 0.706223 0.774473 0.076700 0.027261
0 0.469971 0.153656 0.617221 0.044610
0 0.761577 0.662330 0.081766 0.011152
0 0.462012 0.613383 0.262663 0.012392
0 0.795948 0.616481 0.081042 0.008674
0 0.820912 0.573110 0.081766 0.011152
0 0.717800 0.607187 0.125904 0.012392
2 0.835022 0.270136 0.010130 0.401487
0 0.803546 0.095415 0.083213 0.014870
2 0.393632 0.332094 0.008683 0.384139
2 0.360347 0.645601 0.008683 0.094176
0 0.793054 0.618340 0.082489 0.009913
0 0.844790 0.544610 0.077424 0.016109
0 0.718886 0.604089 0.128075 0.016109
