1 0.206585 0.620198 0.055716 0.102850
1 0.602750 0.408922 0.053546 0.096654
1 0.353835 0.251549 0.053546 0.099133
1 0.289797 0.628872 0.054269 0.090458
1 0.740232 0.617100 0.056440 0.101611
1 0.368307 0.629492 0.052098 0.091698
0 0.597685 0.465304 0.082489 0.028501
1 0.937771 0.624535 0.052098 0.094176
0 0.716715 0.261462 0.084660 0.009913
2 0.727207 0.095415 0.007236 0.114002
0 0.736975 0.232342 0.077424 0.008674
2 0.540883 0.513631 0.009407 0.159851
2 0.252533 0.330235 0.008683 0.100372
0 0.352750 0.301735 0.280029 0.013631
0 0.657019 0.351921 0.076700 0.009913
2 0.252894 0.567534 0.006512 0.096654
1 0.634949 0.223048 0.054269 0.052045
2 0.287627 0.122057 0.006512 0.172243
0 0.049204 0.644981 0.088278 0.011152
0 0.689219 0.306072 0.081766 0.007435
1 0.435239 0.225527 0.034009 0.044610
0 0.614327 0.293061 0.125904 0.008674
