1 0.440304 0.098513 0.051375 0.092937
1 0.872287 0.929368 0.058611 0.099133
1 0.271346 0.107187 0.054993 0.097893
1 0.382417 0.563817 0.054269 0.094176
1 0.203329 0.121437 0.054993 0.099133
1 0.765919 0.553284 0.051375 0.090458
1 0.926918 0.934944 0.027496 0.087980
0 0.760492 0.659851 0.085384 0.011152
0 0.699711 0.772615 0.088278 0.026022
2 0.361071 0.646221 0.010130 0.095415
1 0.028220 0.928129 0.049204 0.099133
2 0.834660 0.265180 0.010854 0.391574
0 0.845152 0.538414 0.076700 0.013631
0 0.461288 0.612144 0.275687 0.017348
0 0.826700 0.570012 0.073082 0.009913
0 0.799566 0.614002 0.075253 0.008674
1 0.784732 0.066295 0.045586 0.065675
2 0.395441 0.332094 0.009407 0.394052
2 0.359986 0.864932 0.006512 0.066914
1 0.651592 0.695167 0.054269 0.096654
0 0.735528 0.602230 0.119392 0.012392
0 0.479740 0.150558 0.596237 0.038414
0 0.804993 0.090458 0.089001 0.024783
