1 0.377713 0.548947 0.056440 0.101611
0 0.695731 0.771995 0.077424 0.027261
1 0.074530 0.928129 0.056440 0.096654
0 0.476122 0.148699 0.626628 0.047088
0 0.833936 0.539033 0.075977 0.014870
0 0.752171 0.659232 0.080318 0.009913
0 0.784732 0.614622 0.081766 0.009913
0 0.448987 0.610285 0.275687 0.013631
0 0.811505 0.570012 0.083213 0.009913
0 0.705861 0.603470 0.119392 0.012392
2 0.383864 0.317844 0.007959 0.387856
2 0.824168 0.265799 0.011577 0.392813
0 0.799928 0.092317 0.094790 0.016109
2 0.350217 0.645601 0.011577 0.096654
0 0.797395 0.089839 0.098408 0.016109
