1 0.469971 0.578686 0.052822 0.096654
1 0.537627 0.103470 0.056440 0.102850
1 0.674023 0.734201 0.054269 0.095415
1 0.726122 0.575589 0.052822 0.090458
1 0.441027 0.110905 0.054269 0.097893
0 0.704776 0.788724 0.081042 0.026022
1 0.026773 0.941760 0.049204 0.086741
0 0.480825 0.164808 0.624457 0.042131
2 0.834298 0.281908 0.010130 0.405204
0 0.710926 0.622677 0.133864 0.013631
0 0.461288 0.630112 0.268452 0.018587
0 0.843705 0.557001 0.076700 0.013631
2 0.359624 0.662330 0.008683 0.092937
0 0.761216 0.677200 0.081042 0.011152
2 0.394356 0.342627 0.008683 0.390335
0 0.795224 0.632590 0.081042 0.013631
0 0.821635 0.589219 0.081766 0.013631
1 0.407019 0.575589 0.029667 0.097893
0 0.797395 0.629492 0.083936 0.012392
1 0.547395 0.551425 0.051375 0.044610
0 0.713459 0.619579 0.133140 0.012392
1 0.793054 0.087980 0.060781 0.106568
