0 0.044863 0.674721 0.076700 0.013631
2 0.361071 0.331475 0.010130 0.100372
2 0.647612 0.513011 0.008683 0.156134
2 0.833936 0.095415 0.006512 0.116481
2 0.395080 0.126394 0.005789 0.178439
0 0.761939 0.352540 0.083936 0.011152
0 0.705861 0.467782 0.080318 0.028501
0 0.460203 0.301115 0.276411 0.014870
0 0.140014 0.644362 0.130970 0.012392
0 0.820188 0.261462 0.078871 0.009913
0 0.844067 0.232962 0.075977 0.009913
0 0.794139 0.306072 0.081766 0.007435
1 0.033647 0.618959 0.055716 0.105328
0 0.592981 0.674721 0.801013 0.016109
