0 0.257959 0.470880 0.372648 0.027261
0 0.071274 0.356877 0.135311 0.027261
0 0.524964 0.548327 0.106368 0.023544
0 0.670043 0.472739 0.143271 0.023544
0 0.862880 0.398389 0.264110 0.023544
0 0.879522 0.357497 0.227931 0.018587
0 0.651954 0.692069 0.104197 0.016109
0 0.785094 0.693309 0.104197 0.016109
0 0.524964 0.767038 0.103473 0.022305
0 0.719971 0.768278 0.107091 0.024783
0 0.916787 0.768278 0.107091 0.022305
0 0.961288 0.694548 0.064399 0.021066
2 0.526773 0.615861 0.043415 0.175960
2 0.496744 0.827138 0.019537 0.154895
3 0.477931 0.500000 0.028220 0.085502
3 0.019175 0.431227 0.028220 0.094176
