0 0.351664 0.247831 0.354559 0.022305
0 0.841172 0.249690 0.298842 0.030979
0 0.612518 0.622057 0.096237 0.019827
0 0.694645 0.695787 0.063676 0.023544
0 0.862880 0.772615 0.262663 0.028501
0 0.527496 0.695167 0.060781 0.019827
0 0.351664 0.768897 0.283647 0.023544
0 0.174023 0.695167 0.067294 0.022305
0 0.071274 0.625774 0.129522 0.022305
0 0.090449 0.399628 0.096961 0.026022
0 0.090449 0.322800 0.096961 0.021066
0 0.129884 0.249071 0.023878 0.029740
0 0.161722 0.174721 0.087554 0.027261
0 0.610347 0.321561 0.093343 0.023544
2 0.295948 0.106568 0.010130 0.136307
2 0.525326 0.109046 0.013025 0.138786
2 0.891823 0.110285 0.010854 0.138786
2 0.108177 0.478315 0.015195 0.213135
2 0.250000 0.570632 0.013748 0.249071
2 0.457670 0.462206 0.012301 0.470880
2 0.614327 0.436803 0.013025 0.278810
2 0.772431 0.456010 0.015195 0.468401
2 0.984805 0.465923 0.011577 0.458488
3 0.522431 0.651177 0.031838 0.087980
3 0.591534 0.578067 0.032562 0.090458
3 0.651954 0.280669 0.033285 0.083024
2 0.221780 0.319703 0.038350 0.178439
1 0.238061 0.227385 0.026049 0.043371
1 0.469247 0.227385 0.029667 0.048327
1 0.810058 0.214374 0.039797 0.061958
1 0.955499 0.190211 0.038350 0.070632
