2 0.118307 0.401487 0.093343 0.024783
2 0.101664 0.772615 0.193198 0.026022
2 0.231187 0.696406 0.060058 0.024783
2 0.379884 0.623916 0.227207 0.026022
2 0.528944 0.695787 0.060781 0.023544
2 0.628075 0.770136 0.127352 0.023544
2 0.903039 0.771375 0.179450 0.026022
2 0.640014 0.397770 0.100579 0.024783
2 0.859262 0.323420 0.267004 0.027261
2 0.364689 0.175960 0.515195 0.024783
1 0.205861 0.151797 0.029667 0.045849
1 0.245297 0.151797 0.031838 0.048327
1 0.323444 0.153036 0.027496 0.050805
1 0.579233 0.153036 0.029667 0.043371
1 0.275326 0.604089 0.032562 0.038414
1 0.318017 0.604709 0.031114 0.037175
1 0.015557 0.752788 0.020984 0.030979
3 0.145080 0.252788 0.013748 0.208178
3 0.331766 0.311029 0.038350 0.304833
3 0.429088 0.367410 0.040521 0.427509
3 0.642547 0.535316 0.011577 0.319703
3 0.813314 0.162949 0.014472 0.244114
3 0.851302 0.161710 0.010854 0.244114
3 0.900868 0.483891 0.041968 0.363073
0 0.882779 0.726766 0.041968 0.087980
