0 0.104920 0.916976 0.199711 0.024783
0 0.580318 0.544610 0.481910 0.030979
0 0.909913 0.618340 0.165702 0.024783
0 0.942113 0.432466 0.104197 0.019827
0 0.894356 0.984511 0.198263 0.011152
2 0.910999 0.496902 0.013025 0.166047
2 0.388929 0.651177 0.041245 0.254027
0 0.380246 0.853160 0.091896 0.018587
0 0.301013 0.853779 0.036179 0.014870
3 0.573082 0.503098 0.030391 0.079306
1 0.740232 0.517968 0.028944 0.049566
1 0.814761 0.518587 0.024602 0.048327
1 0.208032 0.896530 0.032562 0.030979
1 0.265919 0.885378 0.026773 0.033457
1 0.324891 0.887856 0.026049 0.035936
1 0.953329 0.968401 0.023878 0.040892
