1 0.255427 0.773854 0.497829 0.018587
1 0.287988 0.327138 0.076700 0.019827
1 0.499276 0.250929 0.211288 0.026022
1 0.685239 0.327757 0.096961 0.021066
1 0.815847 0.104089 0.229378 0.022305
1 0.809334 0.621437 0.238061 0.026022
1 0.963459 0.771375 0.060058 0.016109
1 0.571274 0.697646 0.126628 0.022305
2 0.740593 0.184634 0.015195 0.208178
2 0.880608 0.312268 0.011577 0.470880
2 0.303184 0.423172 0.013025 0.244114
1 0.759407 0.602230 0.023878 0.042131
1 0.835022 0.600372 0.026049 0.043371
1 0.591534 0.668525 0.045586 0.058240
1 0.179088 0.746592 0.029667 0.040892
1 0.119754 0.735440 0.045586 0.073110
1 0.026049 0.748451 0.024602 0.039653
2 0.687410 0.346344 0.011577 0.090458
3 0.229740 0.729244 0.029667 0.075589
0 0.977207 0.174102 0.031114 0.021066
