1 0.340087 0.751549 0.027496 0.038414
1 0.345876 0.152416 0.027496 0.049566
1 0.424747 0.151797 0.030391 0.045849
1 0.557525 0.157993 0.026773 0.033457
1 0.605644 0.153036 0.026049 0.048327
1 0.760854 0.603470 0.026773 0.039653
1 0.920405 0.751549 0.026049 0.040892
1 0.963459 0.750929 0.020984 0.037175
2 0.071274 0.698265 0.133864 0.023544
2 0.317656 0.771995 0.351664 0.022305
2 0.530391 0.697646 0.057887 0.017348
2 0.677279 0.625155 0.225760 0.026022
2 0.825977 0.698885 0.064399 0.022305
2 0.926556 0.772615 0.128075 0.021066
2 0.285456 0.476456 0.094790 0.021066
2 0.221056 0.398389 0.096237 0.021066
2 0.222142 0.324040 0.096961 0.026022
2 0.417149 0.400867 0.097685 0.026022
2 0.609986 0.177819 0.613603 0.021066
2 0.937410 0.397770 0.096237 0.019827
3 0.442475 0.261462 0.007959 0.185874
3 0.289797 0.585502 0.009407 0.226766
3 0.630970 0.327138 0.033285 0.270136
3 0.727207 0.385998 0.037627 0.390335
3 0.939942 0.550805 0.008683 0.283767
0 0.520984 0.652416 0.041968 0.083024
