0 0.520984 0.583024 0.246020 0.021066
0 0.653401 0.363693 0.105644 0.021066
0 0.369030 0.066914 0.406657 0.019827
0 0.651230 0.138786 0.099855 0.012392
0 0.798119 0.063817 0.141823 0.018587
0 0.781114 0.286865 0.104920 0.023544
0 0.915702 0.288104 0.106368 0.021066
0 0.847685 0.360595 0.109262 0.024783
0 0.751809 0.696406 0.109986 0.022305
0 0.891462 0.879802 0.206946 0.024783
2 0.655210 0.208178 0.047033 0.178439
2 0.585745 0.687113 0.047033 0.241636
2 0.624096 0.449814 0.018090 0.218092
0 0.624457 0.842007 0.108538 0.016109
3 0.526049 0.540273 0.028944 0.081784
3 0.395803 0.133209 0.036179 0.085502
