0 0.142547 0.624535 0.274964 0.029740
0 0.102388 0.327138 0.097685 0.024783
0 0.315123 0.700124 0.064399 0.024783
0 0.394356 0.402726 0.166425 0.024783
0 0.637120 0.473358 0.256874 0.027261
0 0.670405 0.773234 0.641823 0.027261
0 0.786179 0.102230 0.159913 0.021066
0 0.914255 0.324659 0.159913 0.027261
0 0.800289 0.399009 0.060781 0.027261
2 0.739870 0.234820 0.016643 0.323420
2 0.842619 0.185874 0.013748 0.210657
2 0.641100 0.591078 0.015919 0.280050
2 0.386397 0.496902 0.037627 0.237918
2 0.130608 0.426270 0.015195 0.255266
1 0.471780 0.753408 0.026049 0.037175
1 0.715268 0.455390 0.028220 0.035936
1 0.738423 0.456010 0.023878 0.037175
1 0.637844 0.754027 0.026773 0.030979
1 0.682706 0.754647 0.026773 0.039653
1 0.712373 0.749690 0.028220 0.047088
1 0.883140 0.755266 0.028220 0.040892
