2 0.131693 0.425651 0.014472 0.251549
2 0.386035 0.498141 0.039797 0.242875
2 0.640738 0.592937 0.015195 0.286245
2 0.740955 0.236679 0.015919 0.327138
2 0.842619 0.187732 0.012301 0.211896
0 0.102388 0.327138 0.096237 0.029740
0 0.144718 0.624535 0.276411 0.034696
0 0.314399 0.697646 0.065847 0.029740
0 0.670043 0.773854 0.643994 0.030979
0 0.637844 0.472119 0.255427 0.029740
0 0.800289 0.399628 0.062229 0.028501
0 0.914978 0.327138 0.158466 0.027261
1 0.473227 0.755886 0.026049 0.034696
1 0.670043 0.457249 0.024602 0.034696
1 0.731548 0.456629 0.027496 0.038414
1 0.549204 0.747831 0.034732 0.043371
1 0.600217 0.753408 0.025326 0.039653
1 0.705499 0.752169 0.030391 0.039653
1 0.755789 0.754027 0.028220 0.033457
