0 0.287627 0.688352 0.078871 0.023544
0 0.491679 0.617100 0.222142 0.019827
0 0.687410 0.685874 0.098408 0.026022
0 0.815485 0.464684 0.224313 0.017348
0 0.848408 0.314126 0.165702 0.028501
2 0.789436 0.361834 0.013025 0.136307
2 0.740232 0.545229 0.013025 0.210657
2 0.880608 0.672243 0.014472 0.474597
2 0.687771 0.737299 0.015195 0.143742
2 0.303184 0.781908 0.014472 0.237918
0 0.862156 0.981413 0.138205 0.012392
1 0.805355 0.962206 0.026049 0.040892
1 0.836469 0.964064 0.027496 0.044610
1 0.902677 0.961586 0.029667 0.047088
3 0.392547 0.569393 0.029667 0.092937
