0 0.094790 0.623296 0.179450 0.022305
0 0.723589 0.621437 0.208394 0.021066
0 0.909190 0.474597 0.170043 0.017348
0 0.496382 0.620198 0.244573 0.018587
0 0.681621 0.177200 0.241679 0.017348
0 0.911722 0.289343 0.107091 0.018587
0 0.814399 0.436803 0.170043 0.016109
2 0.132055 0.414498 0.015195 0.229244
2 0.744935 0.276952 0.041245 0.236679
2 0.771346 0.507435 0.046310 0.172243
2 0.783285 0.096654 0.010854 0.116481
3 0.756874 0.087361 0.034732 0.083024
3 0.773155 0.389715 0.032562 0.085502
3 0.574891 0.577447 0.029667 0.086741
