0 0.183068 0.742875 0.209841 0.023544
0 0.534370 0.446097 0.161360 0.019827
0 0.500362 0.594796 0.225036 0.019827
0 0.697540 0.667906 0.101302 0.019827
0 0.885673 0.595415 0.215630 0.021066
0 0.858900 0.445477 0.163531 0.016109
2 0.373010 0.848203 0.012301 0.107807
2 0.564399 0.734201 0.013025 0.343247
2 0.916425 0.490087 0.013748 0.135068
0 0.370116 0.817844 0.100579 0.024783
3 0.442475 0.549566 0.031114 0.083024
1 0.035818 0.758364 0.048480 0.071871
0 0.892185 0.890954 0.208394 0.024783
0 0.872648 0.825279 0.036179 0.019827
0 0.832851 0.833333 0.041968 0.018587
