0 0.118669 0.696406 0.225760 0.017348
0 0.444645 0.546468 0.227931 0.019827
0 0.476483 0.394672 0.161360 0.028501
0 0.802098 0.396530 0.164255 0.019827
0 0.835022 0.546468 0.228654 0.022305
0 0.640376 0.618959 0.095514 0.023544
0 0.313314 0.768897 0.096961 0.018587
0 0.867221 0.841388 0.162808 0.024783
0 0.816208 0.775093 0.036179 0.021066
0 0.776049 0.784387 0.041245 0.017348
2 0.417873 0.442379 0.012301 0.133829
2 0.368669 0.626394 0.013748 0.204461
2 0.509768 0.711896 0.013748 0.392813
2 0.316208 0.822800 0.013025 0.166047
1 0.881331 0.502478 0.041968 0.083024
3 0.665340 0.573730 0.029667 0.084263
