0 0.230101 0.175341 0.098408 0.023544
0 0.363242 0.174721 0.098408 0.027261
0 0.297757 0.250929 0.099132 0.026022
0 0.295948 0.322181 0.099855 0.019827
0 0.316208 0.397150 0.053546 0.018587
0 0.426194 0.473978 0.094067 0.026022
0 0.173661 0.622057 0.335745 0.022305
0 0.378437 0.694548 0.062229 0.016109
0 0.558973 0.771375 0.282923 0.023544
0 0.733719 0.696406 0.060781 0.019827
0 0.817656 0.622677 0.095514 0.021066
0 0.901954 0.696406 0.060058 0.024783
0 0.966353 0.770136 0.057164 0.021066
0 0.819465 0.325898 0.093343 0.019827
0 0.555355 0.248451 0.356729 0.018587
2 0.223951 0.098513 0.042692 0.120198
2 0.502894 0.105948 0.010130 0.135068
2 0.731910 0.110285 0.010854 0.141264
2 0.663169 0.457869 0.016643 0.467162
2 0.820188 0.438042 0.015195 0.278810
2 0.314399 0.475836 0.015195 0.208178
2 0.455499 0.571871 0.012301 0.251549
2 0.978292 0.458488 0.011577 0.465923
3 0.113965 0.524783 0.034009 0.075589
3 0.171491 0.576828 0.034732 0.087980
3 0.199711 0.579926 0.023155 0.081784
3 0.374457 0.625774 0.032562 0.086741
3 0.534370 0.441760 0.032562 0.078067
3 0.629161 0.166047 0.034009 0.081784
1 0.423661 0.227385 0.025326 0.043371
1 0.497106 0.736059 0.043415 0.069393
1 0.671129 0.737299 0.044139 0.071871
