0 0.255789 0.770756 0.498553 0.022305
0 0.808973 0.623296 0.240232 0.022305
0 0.816932 0.103470 0.221418 0.021066
0 0.978654 0.176580 0.028220 0.023544
0 0.964182 0.771995 0.060058 0.014870
0 0.710564 0.322800 0.050651 0.028501
0 0.488061 0.255266 0.235166 0.022305
0 0.273155 0.328377 0.055716 0.024783
0 0.241679 0.624535 0.118669 0.022305
0 0.146165 0.693309 0.062229 0.021066
2 0.739870 0.184015 0.012301 0.214374
2 0.881693 0.311648 0.013748 0.467162
1 0.113965 0.747831 0.026773 0.043371
1 0.734443 0.598513 0.027496 0.047088
1 0.776411 0.600372 0.026049 0.043371
1 0.871201 0.600372 0.027496 0.045849
1 0.478292 0.213135 0.047757 0.069393
3 0.287265 0.729244 0.028944 0.083024
