0 0.119030 0.249690 0.226483 0.016109
0 0.069103 0.775093 0.128075 0.021066
0 0.200072 0.699504 0.125181 0.021066
0 0.411722 0.623916 0.289436 0.023544
0 0.314399 0.327138 0.099132 0.022305
0 0.444284 0.101611 0.227207 0.024783
0 0.638205 0.174102 0.098408 0.018587
0 0.835022 0.104089 0.231548 0.022305
0 0.639291 0.472739 0.096237 0.021066
0 0.832851 0.401487 0.225760 0.022305
0 0.778582 0.770756 0.431259 0.022305
2 0.369392 0.182156 0.012301 0.208178
2 0.509768 0.310409 0.013748 0.474597
2 0.316208 0.444857 0.013025 0.287485
2 0.646165 0.575589 0.034732 0.249071
1 0.175109 0.666047 0.046310 0.068154
1 0.017366 0.750310 0.026049 0.043371
1 0.353835 0.600372 0.028944 0.048327
1 0.398336 0.599752 0.026773 0.042131
1 0.503618 0.600372 0.027496 0.045849
1 0.632055 0.749690 0.029667 0.047088
1 0.659551 0.747831 0.025326 0.043371
1 0.878075 0.750929 0.023878 0.044610
1 0.972142 0.748451 0.026773 0.044610
1 0.936324 0.749690 0.028944 0.044610
3 0.592981 0.645601 0.035456 0.096654
0 0.816208 0.335812 0.036179 0.019827
0 0.775326 0.342627 0.045586 0.023544
