0 0.850217 0.245973 0.166425 0.026022
0 0.816208 0.395291 0.228654 0.027261
0 0.685962 0.617720 0.098408 0.023544
0 0.862880 0.920074 0.136758 0.021066
0 0.286903 0.621437 0.080318 0.023544
0 0.498191 0.546468 0.213459 0.027261
2 0.788350 0.291822 0.013748 0.132590
2 0.740593 0.475836 0.013748 0.213135
2 0.880246 0.601611 0.015195 0.469641
2 0.686324 0.704461 0.013748 0.216853
2 0.303184 0.713135 0.011577 0.244114
3 0.454414 0.501859 0.027496 0.081784
0 0.977931 0.768278 0.032562 0.032218
1 0.830680 0.893432 0.026049 0.042131
1 0.856006 0.893432 0.024602 0.042131
1 0.921491 0.890954 0.031114 0.044610
