0 0.177641 0.434944 0.346599 0.029740
0 0.030029 0.545849 0.048480 0.035936
0 0.524602 0.622057 0.939219 0.034696
0 0.428003 0.361214 0.100579 0.026022
0 0.589725 0.286245 0.164978 0.024783
0 0.882779 0.361214 0.102750 0.023544
0 0.928726 0.508674 0.064399 0.023544
0 0.867945 0.582404 0.071635 0.019827
3 0.560058 0.231103 0.036179 0.097893
3 0.387844 0.312268 0.031838 0.089219
3 0.345152 0.386617 0.036179 0.079306
3 0.252894 0.385378 0.032562 0.076828
3 0.214544 0.382900 0.047033 0.084263
3 0.082127 0.563197 0.045586 0.087980
3 0.306078 0.573730 0.034732 0.084263
3 0.452243 0.530979 0.030391 0.095415
3 0.492764 0.571252 0.028944 0.084263
3 0.524964 0.571252 0.028220 0.089219
3 0.551013 0.571871 0.025326 0.083024
3 0.580318 0.570012 0.026049 0.084263
3 0.670043 0.565056 0.031838 0.084263
